Spectrum
Wavelength 1 (410 nm)
	1	2	3	4	5	6	7	8	9	10	11	12
A	0.051	0.042	0.076	0.042	0.051	0.077	0.067	0.041	0.054	0.044	0.053	0.222	Spectrum Read#1
B	0.241	0.044	0.228	0.043	0.230	0.043	0.229	0.044	0.228	0.043	0.216	0.072	Spectrum Read#1
C	0.045	0.224	0.043	0.222	0.042	0.225	0.043	0.226	0.043	0.234	0.044	0.054	Spectrum Read#1
D	0.050	0.044	0.229	0.046	0.230	0.046	0.230	0.043	0.231	0.043	0.229	0.057	Spectrum Read#1
E	0.043	0.228	0.043	0.223	0.043	0.224	0.043	0.224	0.044	0.228	0.044	0.050	Spectrum Read#1
F	0.288	0.045	0.230	0.043	0.231	0.045	0.216	0.043	0.225	0.043	0.225	0.111	Spectrum Read#1
G	0.047	0.230	0.043	0.227	0.044	0.222	0.223	0.219	0.042	0.226	0.043	0.134	Spectrum Read#1
H	0.044	0.052	0.045	0.049	0.060	0.383	0.053	0.053	0.049	0.058	0.043	0.053	Spectrum Read#1

Spectrum
Wavelength 2 (440 nm)
	1	2	3	4	5	6	7	8	9	10	11	12
A	0.043	0.039	0.069	0.039	0.044	0.072	0.060	0.039	0.048	0.041	0.045	0.213	Spectrum Read#2
B	0.230	0.041	0.218	0.039	0.220	0.039	0.230	0.040	0.218	0.040	0.206	0.066	Spectrum Read#2
C	0.042	0.213	0.039	0.211	0.039	0.214	0.039	0.217	0.040	0.223	0.040	0.047	Spectrum Read#2
D	0.042	0.040	0.231	0.042	0.219	0.042	0.219	0.039	0.221	0.040	0.218	0.050	Spectrum Read#2
E	0.041	0.218	0.039	0.212	0.040	0.214	0.039	0.214	0.040	0.218	0.040	0.048	Spectrum Read#2
F	0.276	0.041	0.220	0.040	0.218	0.042	0.206	0.039	0.215	0.040	0.215	0.102	Spectrum Read#2
G	0.044	0.219	0.039	0.216	0.040	0.212	0.225	0.210	0.039	0.215	0.040	0.125	Spectrum Read#2
H	0.041	0.048	0.043	0.046	0.054	0.369	0.045	0.045	0.046	0.051	0.041	0.049	Spectrum Read#2

Spectrum
Wavelength 3 (470 nm)
	1	2	3	4	5	6	7	8	9	10	11	12
A	0.039	0.037	0.065	0.038	0.040	0.070	0.057	0.038	0.044	0.039	0.042	0.207	Spectrum Read#3
B	0.226	0.039	0.220	0.038	0.226	0.037	0.263	0.038	0.221	0.038	0.208	0.061	Spectrum Read#3
C	0.042	0.218	0.037	0.214	0.037	0.221	0.037	0.225	0.037	0.223	0.038	0.044	Spectrum Read#3
D	0.039	0.039	0.265	0.040	0.224	0.040	0.219	0.038	0.224	0.038	0.220	0.046	Spectrum Read#3
E	0.040	0.223	0.038	0.214	0.038	0.216	0.038	0.216	0.038	0.220	0.038	0.046	Spectrum Read#3
F	0.272	0.039	0.230	0.038	0.217	0.040	0.207	0.038	0.224	0.038	0.217	0.097	Spectrum Read#3
G	0.042	0.221	0.037	0.216	0.039	0.217	0.256	0.218	0.037	0.219	0.038	0.120	Spectrum Read#3
H	0.040	0.046	0.042	0.045	0.051	0.363	0.042	0.042	0.045	0.047	0.040	0.047	Spectrum Read#3

Spectrum
Wavelength 4 (500 nm)
	1	2	3	4	5	6	7	8	9	10	11	12
A	0.037	0.037	0.063	0.038	0.038	0.068	0.054	0.037	0.042	0.039	0.040	0.203	Spectrum Read#4
B	0.225	0.039	0.256	0.037	0.268	0.036	0.332	0.037	0.257	0.037	0.240	0.058	Spectrum Read#4
C	0.043	0.257	0.036	0.249	0.036	0.263	0.036	0.268	0.037	0.255	0.037	0.042	Spectrum Read#4
D	0.037	0.037	0.334	0.039	0.266	0.039	0.252	0.037	0.259	0.037	0.256	0.044	Spectrum Read#4
E	0.040	0.263	0.037	0.248	0.036	0.252	0.036	0.251	0.038	0.254	0.037	0.045	Spectrum Read#4
F	0.269	0.038	0.277	0.037	0.247	0.039	0.241	0.036	0.268	0.036	0.252	0.093	Spectrum Read#4
G	0.042	0.257	0.036	0.247	0.037	0.255	0.323	0.263	0.036	0.256	0.037	0.117	Spectrum Read#4
H	0.040	0.045	0.041	0.045	0.049	0.356	0.039	0.039	0.045	0.045	0.039	0.046	Spectrum Read#4

Spectrum
Wavelength 5 (530 nm)
	1	2	3	4	5	6	7	8	9	10	11	12
A	0.037	0.038	0.063	0.038	0.038	0.068	0.053	0.037	0.041	0.039	0.039	0.202	Spectrum Read#5
B	0.226	0.039	0.292	0.037	0.308	0.036	0.387	0.037	0.294	0.037	0.274	0.057	Spectrum Read#5
C	0.043	0.297	0.036	0.287	0.036	0.304	0.036	0.310	0.037	0.292	0.037	0.041	Spectrum Read#5
D	0.037	0.037	0.389	0.039	0.307	0.039	0.288	0.037	0.296	0.036	0.294	0.042	Spectrum Read#5
E	0.039	0.304	0.037	0.285	0.037	0.289	0.037	0.288	0.038	0.291	0.038	0.045	Spectrum Read#5
F	0.271	0.038	0.320	0.038	0.281	0.039	0.276	0.036	0.309	0.036	0.289	0.090	Spectrum Read#5
G	0.042	0.294	0.036	0.281	0.037	0.294	0.375	0.306	0.036	0.295	0.037	0.117	Spectrum Read#5
H	0.040	0.045	0.040	0.045	0.048	0.352	0.038	0.039	0.045	0.044	0.039	0.046	Spectrum Read#5

Spectrum
Wavelength 6 (560 nm)
	1	2	3	4	5	6	7	8	9	10	11	12
A	0.037	0.038	0.062	0.039	0.038	0.066	0.053	0.037	0.041	0.039	0.039	0.200	Spectrum Read#6
B	0.223	0.039	0.287	0.037	0.296	0.036	0.333	0.037	0.287	0.036	0.269	0.056	Spectrum Read#6
C	0.043	0.289	0.037	0.281	0.036	0.293	0.036	0.297	0.038	0.289	0.037	0.041	Spectrum Read#6
D	0.036	0.036	0.333	0.039	0.297	0.038	0.284	0.036	0.289	0.036	0.288	0.042	Spectrum Read#6
E	0.038	0.295	0.036	0.280	0.037	0.282	0.036	0.283	0.037	0.285	0.038	0.045	Spectrum Read#6
F	0.267	0.039	0.304	0.038	0.281	0.039	0.271	0.037	0.296	0.036	0.283	0.088	Spectrum Read#6
G	0.042	0.287	0.036	0.280	0.038	0.286	0.322	0.292	0.037	0.288	0.036	0.115	Spectrum Read#6
H	0.040	0.045	0.040	0.045	0.048	0.348	0.038	0.038	0.045	0.043	0.038	0.046	Spectrum Read#6

Spectrum
Wavelength 7 (590 nm)
	1	2	3	4	5	6	7	8	9	10	11	12
A	0.037	0.038	0.061	0.039	0.037	0.065	0.053	0.037	0.041	0.038	0.039	0.198	Spectrum Read#7
B	0.222	0.039	0.249	0.037	0.242	0.036	0.169	0.037	0.245	0.036	0.235	0.055	Spectrum Read#7
C	0.043	0.241	0.037	0.242	0.036	0.238	0.036	0.236	0.038	0.259	0.038	0.041	Spectrum Read#7
D	0.036	0.037	0.167	0.038	0.245	0.039	0.254	0.036	0.251	0.037	0.250	0.041	Spectrum Read#7
E	0.037	0.245	0.036	0.243	0.037	0.242	0.036	0.245	0.036	0.248	0.038	0.044	Spectrum Read#7
F	0.267	0.038	0.235	0.038	0.261	0.039	0.235	0.037	0.234	0.037	0.246	0.086	Spectrum Read#7
G	0.042	0.245	0.036	0.253	0.038	0.239	0.163	0.226	0.036	0.245	0.036	0.113	Spectrum Read#7
H	0.040	0.044	0.039	0.044	0.048	0.343	0.038	0.038	0.044	0.043	0.038	0.046	Spectrum Read#7

Spectrum
Wavelength 8 (620 nm)
	1	2	3	4	5	6	7	8	9	10	11	12
A	0.036	0.038	0.061	0.039	0.037	0.064	0.052	0.036	0.040	0.038	0.038	0.196	Spectrum Read#8
B	0.220	0.039	0.210	0.036	0.195	0.036	0.069	0.036	0.205	0.036	0.200	0.054	Spectrum Read#8
C	0.042	0.197	0.038	0.203	0.036	0.191	0.036	0.186	0.038	0.223	0.038	0.039	Spectrum Read#8
D	0.035	0.037	0.066	0.037	0.198	0.038	0.218	0.036	0.211	0.037	0.210	0.040	Spectrum Read#8
E	0.037	0.200	0.036	0.204	0.037	0.202	0.036	0.207	0.036	0.209	0.038	0.044	Spectrum Read#8
F	0.266	0.038	0.181	0.036	0.230	0.038	0.198	0.037	0.184	0.037	0.207	0.084	Spectrum Read#8
G	0.042	0.205	0.035	0.220	0.038	0.196	0.065	0.175	0.036	0.203	0.036	0.112	Spectrum Read#8
H	0.039	0.043	0.038	0.043	0.048	0.341	0.037	0.037	0.043	0.042	0.037	0.046	Spectrum Read#8

Spectrum
Wavelength 9 (650 nm)
	1	2	3	4	5	6	7	8	9	10	11	12
A	0.036	0.038	0.060	0.038	0.036	0.062	0.051	0.035	0.039	0.037	0.037	0.194	Spectrum Read#9
B	0.216	0.037	0.275	0.035	0.246	0.035	0.050	0.036	0.266	0.035	0.261	0.053	Spectrum Read#9
C	0.040	0.255	0.037	0.267	0.036	0.242	0.035	0.231	0.037	0.297	0.037	0.038	Spectrum Read#9
D	0.033	0.037	0.048	0.037	0.255	0.037	0.290	0.035	0.277	0.037	0.276	0.039	Spectrum Read#9
E	0.035	0.257	0.036	0.268	0.035	0.264	0.035	0.271	0.035	0.275	0.037	0.043	Spectrum Read#9
F	0.264	0.037	0.221	0.035	0.315	0.037	0.260	0.036	0.231	0.037	0.272	0.082	Spectrum Read#9
G	0.041	0.265	0.034	0.293	0.036	0.253	0.046	0.214	0.035	0.266	0.035	0.110	Spectrum Read#9
H	0.038	0.042	0.037	0.042	0.047	0.338	0.036	0.036	0.042	0.041	0.037	0.045	Spectrum Read#9

Spectrum
Wavelength 10 (680 nm)
	1	2	3	4	5	6	7	8	9	10	11	12
A	0.035	0.037	0.059	0.038	0.035	0.060	0.050	0.035	0.038	0.037	0.036	0.192	Spectrum Read#10
B	0.213	0.036	0.104	0.034	0.097	0.034	0.042	0.035	0.102	0.034	0.100	0.052	Spectrum Read#10
C	0.039	0.100	0.036	0.102	0.035	0.096	0.034	0.094	0.036	0.110	0.036	0.037	Spectrum Read#10
D	0.032	0.037	0.043	0.037	0.100	0.036	0.108	0.035	0.107	0.037	0.106	0.038	Spectrum Read#10
E	0.034	0.101	0.036	0.102	0.034	0.101	0.035	0.103	0.035	0.105	0.036	0.042	Spectrum Read#10
F	0.261	0.036	0.095	0.034	0.114	0.037	0.099	0.035	0.094	0.036	0.103	0.080	Spectrum Read#10
G	0.040	0.103	0.034	0.109	0.035	0.098	0.040	0.088	0.034	0.102	0.034	0.108	Spectrum Read#10
H	0.037	0.041	0.036	0.041	0.046	0.334	0.035	0.035	0.041	0.040	0.035	0.044	Spectrum Read#10

