Spectrum
Wavelength 1 (410 nm)
	1	2	3	4	5	6	7	8	9	10	11	12
A	0.050	0.065	0.099	0.050	0.051	0.066	0.378	0.051	0.057	0.054	0.059	0.268	Spectrum Read#1
B	0.048	0.044	0.215	0.044	0.217	0.043	0.209	0.043	0.215	0.043	0.215	0.070	Spectrum Read#1
C	0.098	0.213	0.043	0.215	0.043	0.210	0.042	0.214	0.043	0.211	0.044	0.053	Spectrum Read#1
D	0.052	0.044	0.211	0.044	0.212	0.043	0.211	0.043	0.215	0.043	0.216	0.052	Spectrum Read#1
E	0.066	0.211	0.043	0.239	0.043	0.208	0.044	0.212	0.044	0.208	0.043	0.071	Spectrum Read#1
F	0.064	0.043	0.213	0.043	0.214	0.042	0.209	0.042	0.206	0.043	0.215	0.513	Spectrum Read#1
G	0.271	0.215	0.043	0.211	0.043	0.205	0.208	0.206	0.042	0.209	0.055	0.044	Spectrum Read#1
H	0.134	0.051	0.313	0.124	0.051	0.205	0.057	0.104	0.043	0.050	0.045	0.141	Spectrum Read#1

Spectrum
Wavelength 2 (440 nm)
	1	2	3	4	5	6	7	8	9	10	11	12
A	0.043	0.059	0.093	0.043	0.046	0.058	0.362	0.044	0.050	0.047	0.053	0.254	Spectrum Read#2
B	0.042	0.041	0.205	0.042	0.207	0.040	0.209	0.040	0.205	0.040	0.205	0.064	Spectrum Read#2
C	0.089	0.202	0.040	0.204	0.040	0.199	0.039	0.204	0.040	0.201	0.041	0.046	Spectrum Read#2
D	0.045	0.041	0.211	0.040	0.201	0.040	0.201	0.040	0.205	0.040	0.205	0.050	Spectrum Read#2
E	0.061	0.200	0.040	0.229	0.040	0.198	0.041	0.202	0.040	0.198	0.040	0.064	Spectrum Read#2
F	0.057	0.039	0.202	0.040	0.201	0.039	0.200	0.039	0.197	0.040	0.203	0.498	Spectrum Read#2
G	0.262	0.203	0.039	0.200	0.040	0.196	0.208	0.196	0.039	0.198	0.051	0.041	Spectrum Read#2
H	0.127	0.044	0.303	0.117	0.044	0.196	0.051	0.095	0.038	0.044	0.041	0.134	Spectrum Read#2

Spectrum
Wavelength 3 (470 nm)
	1	2	3	4	5	6	7	8	9	10	11	12
A	0.040	0.056	0.089	0.040	0.043	0.054	0.355	0.041	0.046	0.044	0.049	0.249	Spectrum Read#3
B	0.039	0.040	0.207	0.040	0.209	0.038	0.240	0.038	0.208	0.038	0.210	0.061	Spectrum Read#3
C	0.087	0.205	0.038	0.207	0.038	0.203	0.037	0.210	0.038	0.206	0.038	0.043	Spectrum Read#3
D	0.042	0.039	0.243	0.039	0.203	0.038	0.206	0.038	0.204	0.038	0.202	0.049	Spectrum Read#3
E	0.058	0.200	0.039	0.230	0.038	0.204	0.039	0.204	0.039	0.204	0.038	0.059	Spectrum Read#3
F	0.053	0.037	0.205	0.037	0.199	0.037	0.208	0.038	0.207	0.038	0.199	0.487	Spectrum Read#3
G	0.255	0.205	0.037	0.204	0.038	0.205	0.238	0.200	0.037	0.201	0.049	0.039	Spectrum Read#3
H	0.123	0.040	0.297	0.113	0.040	0.193	0.046	0.090	0.036	0.040	0.038	0.130	Spectrum Read#3

Spectrum
Wavelength 4 (500 nm)
	1	2	3	4	5	6	7	8	9	10	11	12
A	0.037	0.054	0.088	0.037	0.041	0.052	0.348	0.038	0.044	0.042	0.046	0.244	Spectrum Read#4
B	0.037	0.039	0.240	0.039	0.242	0.037	0.307	0.037	0.242	0.037	0.247	0.059	Spectrum Read#4
C	0.086	0.239	0.037	0.240	0.037	0.239	0.036	0.249	0.037	0.245	0.037	0.041	Spectrum Read#4
D	0.040	0.037	0.309	0.038	0.235	0.037	0.242	0.037	0.232	0.037	0.228	0.048	Spectrum Read#4
E	0.055	0.229	0.038	0.263	0.037	0.244	0.038	0.237	0.038	0.243	0.037	0.055	Spectrum Read#4
F	0.051	0.036	0.238	0.037	0.226	0.036	0.251	0.036	0.254	0.036	0.221	0.478	Spectrum Read#4
G	0.250	0.239	0.036	0.239	0.036	0.248	0.303	0.235	0.036	0.235	0.047	0.038	Spectrum Read#4
H	0.119	0.037	0.293	0.109	0.037	0.188	0.044	0.085	0.036	0.037	0.037	0.127	Spectrum Read#4

Spectrum
Wavelength 5 (530 nm)
	1	2	3	4	5	6	7	8	9	10	11	12
A	0.037	0.054	0.088	0.037	0.040	0.051	0.345	0.037	0.043	0.041	0.045	0.246	Spectrum Read#5
B	0.036	0.039	0.276	0.039	0.278	0.037	0.360	0.036	0.278	0.037	0.285	0.058	Spectrum Read#5
C	0.086	0.276	0.037	0.276	0.037	0.277	0.036	0.288	0.037	0.285	0.037	0.040	Spectrum Read#5
D	0.039	0.037	0.361	0.038	0.271	0.037	0.280	0.037	0.264	0.036	0.260	0.047	Spectrum Read#5
E	0.054	0.263	0.037	0.299	0.037	0.284	0.038	0.274	0.038	0.282	0.037	0.053	Spectrum Read#5
F	0.051	0.037	0.274	0.037	0.258	0.036	0.292	0.036	0.296	0.037	0.251	0.472	Spectrum Read#5
G	0.246	0.274	0.037	0.276	0.036	0.290	0.356	0.273	0.036	0.271	0.047	0.038	Spectrum Read#5
H	0.117	0.037	0.290	0.107	0.037	0.185	0.043	0.082	0.036	0.036	0.037	0.125	Spectrum Read#5

Spectrum
Wavelength 6 (560 nm)
	1	2	3	4	5	6	7	8	9	10	11	12
A	0.036	0.054	0.088	0.036	0.040	0.051	0.341	0.037	0.043	0.041	0.045	0.234	Spectrum Read#6
B	0.036	0.040	0.273	0.039	0.274	0.037	0.312	0.037	0.273	0.037	0.278	0.058	Spectrum Read#6
C	0.085	0.272	0.037	0.273	0.037	0.272	0.036	0.280	0.038	0.277	0.038	0.039	Spectrum Read#6
D	0.038	0.037	0.312	0.038	0.269	0.037	0.273	0.037	0.264	0.037	0.262	0.047	Spectrum Read#6
E	0.053	0.264	0.037	0.294	0.037	0.275	0.038	0.270	0.037	0.274	0.038	0.050	Spectrum Read#6
F	0.051	0.037	0.270	0.038	0.260	0.037	0.280	0.037	0.282	0.037	0.256	0.466	Spectrum Read#6
G	0.245	0.271	0.036	0.271	0.037	0.278	0.307	0.268	0.037	0.267	0.046	0.038	Spectrum Read#6
H	0.117	0.036	0.286	0.107	0.037	0.184	0.044	0.079	0.037	0.035	0.037	0.124	Spectrum Read#6

Spectrum
Wavelength 7 (590 nm)
	1	2	3	4	5	6	7	8	9	10	11	12
A	0.036	0.054	0.088	0.036	0.039	0.051	0.337	0.036	0.042	0.040	0.045	0.231	Spectrum Read#7
B	0.036	0.040	0.240	0.039	0.239	0.037	0.159	0.037	0.237	0.037	0.233	0.058	Spectrum Read#7
C	0.084	0.235	0.038	0.240	0.037	0.231	0.036	0.229	0.038	0.228	0.038	0.038	Spectrum Read#7
D	0.038	0.037	0.160	0.037	0.237	0.037	0.229	0.036	0.244	0.037	0.248	0.047	Spectrum Read#7
E	0.053	0.240	0.037	0.258	0.038	0.224	0.038	0.236	0.037	0.224	0.038	0.049	Spectrum Read#7
F	0.051	0.037	0.234	0.037	0.246	0.036	0.217	0.037	0.215	0.037	0.250	0.459	Spectrum Read#7
G	0.241	0.235	0.036	0.230	0.038	0.217	0.157	0.227	0.037	0.231	0.046	0.038	Spectrum Read#7
H	0.115	0.036	0.282	0.106	0.037	0.183	0.043	0.077	0.037	0.035	0.037	0.122	Spectrum Read#7

Spectrum
Wavelength 8 (620 nm)
	1	2	3	4	5	6	7	8	9	10	11	12
A	0.035	0.054	0.087	0.035	0.039	0.050	0.335	0.036	0.042	0.040	0.044	0.228	Spectrum Read#8
B	0.035	0.039	0.203	0.038	0.202	0.036	0.066	0.036	0.199	0.036	0.192	0.057	Spectrum Read#8
C	0.083	0.197	0.038	0.203	0.037	0.190	0.036	0.185	0.038	0.184	0.038	0.037	Spectrum Read#8
D	0.037	0.037	0.067	0.037	0.202	0.036	0.188	0.036	0.215	0.037	0.221	0.047	Spectrum Read#8
E	0.051	0.208	0.037	0.219	0.037	0.179	0.037	0.199	0.036	0.180	0.037	0.047	Spectrum Read#8
F	0.051	0.036	0.197	0.036	0.218	0.036	0.168	0.037	0.162	0.037	0.226	0.455	Spectrum Read#8
G	0.239	0.198	0.035	0.191	0.037	0.167	0.064	0.187	0.036	0.193	0.045	0.037	Spectrum Read#8
H	0.113	0.035	0.280	0.105	0.036	0.182	0.041	0.075	0.036	0.034	0.036	0.120	Spectrum Read#8

Spectrum
Wavelength 9 (650 nm)
	1	2	3	4	5	6	7	8	9	10	11	12
A	0.035	0.052	0.087	0.035	0.038	0.048	0.332	0.034	0.040	0.038	0.043	0.224	Spectrum Read#9
B	0.033	0.037	0.272	0.037	0.268	0.035	0.048	0.035	0.263	0.035	0.248	0.055	Spectrum Read#9
C	0.081	0.262	0.037	0.271	0.036	0.251	0.035	0.237	0.037	0.237	0.037	0.035	Spectrum Read#9
D	0.036	0.037	0.050	0.036	0.271	0.035	0.244	0.035	0.292	0.037	0.302	0.045	Spectrum Read#9
E	0.050	0.283	0.037	0.282	0.035	0.231	0.036	0.263	0.035	0.232	0.036	0.044	Spectrum Read#9
F	0.050	0.035	0.262	0.035	0.302	0.035	0.209	0.035	0.200	0.037	0.315	0.451	Spectrum Read#9
G	0.236	0.262	0.034	0.250	0.035	0.209	0.046	0.246	0.035	0.256	0.044	0.036	Spectrum Read#9
H	0.112	0.034	0.277	0.104	0.035	0.179	0.039	0.072	0.034	0.032	0.035	0.118	Spectrum Read#9

Spectrum
Wavelength 10 (680 nm)
	1	2	3	4	5	6	7	8	9	10	11	12
A	0.034	0.052	0.086	0.034	0.037	0.047	0.328	0.034	0.040	0.038	0.042	0.219	Spectrum Read#10
B	0.033	0.037	0.102	0.036	0.101	0.035	0.041	0.035	0.100	0.035	0.097	0.054	Spectrum Read#10
C	0.079	0.101	0.037	0.103	0.036	0.097	0.034	0.095	0.036	0.095	0.037	0.035	Spectrum Read#10
D	0.035	0.037	0.044	0.036	0.102	0.035	0.096	0.035	0.108	0.037	0.110	0.045	Spectrum Read#10
E	0.049	0.105	0.037	0.119	0.035	0.092	0.036	0.100	0.036	0.094	0.036	0.043	Spectrum Read#10
F	0.050	0.035	0.101	0.034	0.110	0.035	0.087	0.035	0.086	0.036	0.112	0.447	Spectrum Read#10
G	0.234	0.100	0.034	0.097	0.035	0.086	0.041	0.095	0.034	0.098	0.044	0.035	Spectrum Read#10
H	0.111	0.033	0.273	0.103	0.035	0.175	0.039	0.071	0.033	0.032	0.035	0.117	Spectrum Read#10

