Spectrum
Wavelength 1 (410 nm)
	1	2	3	4	5	6	7	8	9	10	11	12
A	0.084	0.070	0.058	0.076	0.124	0.304	0.054	0.229	0.060	0.059	0.344	0.363	Spectrum Read#1
B	0.051	0.043	0.232	0.043	0.233	0.043	0.221	0.043	0.217	0.043	0.162	0.162	Spectrum Read#1
C	0.168	0.224	0.043	0.221	0.043	0.224	0.043	0.225	0.043	0.224	0.044	0.053	Spectrum Read#1
D	0.051	0.044	0.227	0.044	0.225	0.043	0.231	0.044	0.225	0.044	0.221	0.051	Spectrum Read#1
E	0.057	0.223	0.043	0.225	0.044	0.226	0.043	0.227	0.044	0.225	0.044	0.071	Spectrum Read#1
F	0.208	0.044	0.221	0.043	0.226	0.043	0.222	0.043	0.224	0.043	0.222	0.171	Spectrum Read#1
G	0.237	0.229	0.043	0.215	0.043	0.220	0.223	0.219	0.045	0.215	0.043	0.266	Spectrum Read#1
H	0.055	0.182	0.134	0.051	0.059	0.420	0.145	0.052	0.051	0.405	0.079	0.083	Spectrum Read#1

Spectrum
Wavelength 2 (440 nm)
	1	2	3	4	5	6	7	8	9	10	11	12
A	0.077	0.062	0.051	0.067	0.117	0.293	0.046	0.219	0.053	0.052	0.330	0.353	Spectrum Read#2
B	0.043	0.039	0.221	0.040	0.221	0.040	0.221	0.039	0.208	0.040	0.154	0.154	Spectrum Read#2
C	0.159	0.215	0.039	0.211	0.039	0.214	0.040	0.216	0.039	0.214	0.040	0.046	Spectrum Read#2
D	0.043	0.040	0.228	0.040	0.214	0.040	0.218	0.041	0.214	0.040	0.211	0.044	Spectrum Read#2
E	0.050	0.212	0.039	0.215	0.041	0.214	0.039	0.216	0.040	0.214	0.040	0.063	Spectrum Read#2
F	0.198	0.040	0.212	0.040	0.214	0.039	0.211	0.040	0.213	0.040	0.211	0.160	Spectrum Read#2
G	0.226	0.218	0.039	0.205	0.040	0.211	0.224	0.209	0.041	0.207	0.039	0.256	Spectrum Read#2
H	0.048	0.169	0.126	0.044	0.051	0.406	0.136	0.043	0.043	0.388	0.072	0.076	Spectrum Read#2

Spectrum
Wavelength 3 (470 nm)
	1	2	3	4	5	6	7	8	9	10	11	12
A	0.073	0.059	0.047	0.064	0.113	0.288	0.043	0.215	0.050	0.049	0.323	0.348	Spectrum Read#3
B	0.040	0.038	0.221	0.038	0.220	0.038	0.253	0.038	0.212	0.039	0.155	0.152	Spectrum Read#3
C	0.157	0.222	0.038	0.223	0.038	0.225	0.038	0.227	0.038	0.221	0.038	0.042	Spectrum Read#3
D	0.040	0.039	0.261	0.038	0.218	0.038	0.214	0.040	0.219	0.039	0.222	0.041	Spectrum Read#3
E	0.048	0.216	0.038	0.217	0.039	0.214	0.037	0.216	0.039	0.219	0.038	0.059	Spectrum Read#3
F	0.192	0.039	0.229	0.037	0.217	0.037	0.214	0.039	0.220	0.038	0.215	0.152	Spectrum Read#3
G	0.217	0.219	0.037	0.218	0.038	0.221	0.255	0.216	0.040	0.225	0.037	0.251	Spectrum Read#3
H	0.044	0.160	0.122	0.040	0.047	0.397	0.130	0.040	0.040	0.381	0.069	0.071	Spectrum Read#3

Spectrum
Wavelength 4 (500 nm)
	1	2	3	4	5	6	7	8	9	10	11	12
A	0.071	0.057	0.046	0.062	0.110	0.283	0.040	0.211	0.048	0.047	0.317	0.344	Spectrum Read#4
B	0.038	0.038	0.251	0.038	0.250	0.038	0.320	0.037	0.248	0.037	0.177	0.149	Spectrum Read#4
C	0.156	0.264	0.037	0.272	0.037	0.273	0.037	0.275	0.037	0.265	0.037	0.040	Spectrum Read#4
D	0.038	0.038	0.328	0.038	0.256	0.037	0.239	0.039	0.255	0.037	0.268	0.038	Spectrum Read#4
E	0.045	0.253	0.037	0.252	0.038	0.244	0.036	0.247	0.039	0.256	0.037	0.056	Spectrum Read#4
F	0.189	0.038	0.283	0.037	0.253	0.036	0.249	0.037	0.260	0.037	0.251	0.146	Spectrum Read#4
G	0.210	0.254	0.037	0.268	0.037	0.266	0.321	0.256	0.038	0.281	0.036	0.245	Spectrum Read#4
H	0.042	0.154	0.120	0.038	0.045	0.392	0.128	0.037	0.038	0.374	0.066	0.069	Spectrum Read#4

Spectrum
Wavelength 5 (530 nm)
	1	2	3	4	5	6	7	8	9	10	11	12
A	0.069	0.057	0.045	0.062	0.108	0.280	0.039	0.210	0.047	0.045	0.315	0.344	Spectrum Read#5
B	0.037	0.038	0.285	0.038	0.283	0.037	0.372	0.037	0.285	0.037	0.200	0.148	Spectrum Read#5
C	0.157	0.304	0.037	0.317	0.037	0.317	0.037	0.319	0.037	0.306	0.037	0.038	Spectrum Read#5
D	0.037	0.037	0.380	0.038	0.294	0.037	0.271	0.038	0.293	0.037	0.312	0.037	Spectrum Read#5
E	0.045	0.292	0.037	0.289	0.038	0.278	0.036	0.282	0.039	0.294	0.037	0.055	Spectrum Read#5
F	0.187	0.038	0.331	0.037	0.290	0.036	0.285	0.037	0.300	0.037	0.288	0.140	Spectrum Read#5
G	0.202	0.290	0.037	0.312	0.037	0.309	0.374	0.297	0.039	0.330	0.037	0.242	Spectrum Read#5
H	0.041	0.150	0.118	0.037	0.044	0.387	0.129	0.037	0.037	0.371	0.064	0.067	Spectrum Read#5

Spectrum
Wavelength 6 (560 nm)
	1	2	3	4	5	6	7	8	9	10	11	12
A	0.070	0.057	0.045	0.062	0.107	0.278	0.038	0.207	0.047	0.046	0.310	0.339	Spectrum Read#6
B	0.037	0.038	0.283	0.038	0.281	0.038	0.321	0.037	0.276	0.037	0.196	0.144	Spectrum Read#6
C	0.154	0.293	0.038	0.299	0.037	0.300	0.037	0.301	0.038	0.294	0.037	0.038	Spectrum Read#6
D	0.037	0.037	0.326	0.038	0.286	0.037	0.274	0.038	0.285	0.037	0.295	0.036	Spectrum Read#6
E	0.044	0.286	0.036	0.284	0.038	0.276	0.036	0.280	0.038	0.286	0.038	0.054	Spectrum Read#6
F	0.184	0.039	0.307	0.038	0.284	0.036	0.279	0.038	0.289	0.037	0.281	0.139	Spectrum Read#6
G	0.203	0.285	0.037	0.293	0.038	0.294	0.321	0.287	0.039	0.304	0.037	0.241	Spectrum Read#6
H	0.040	0.146	0.118	0.037	0.044	0.382	0.126	0.037	0.036	0.368	0.063	0.066	Spectrum Read#6

Spectrum
Wavelength 7 (590 nm)
	1	2	3	4	5	6	7	8	9	10	11	12
A	0.070	0.058	0.045	0.061	0.105	0.274	0.038	0.204	0.047	0.045	0.306	0.335	Spectrum Read#7
B	0.037	0.038	0.259	0.038	0.258	0.037	0.165	0.036	0.232	0.036	0.173	0.140	Spectrum Read#7
C	0.153	0.235	0.038	0.224	0.037	0.229	0.037	0.228	0.038	0.235	0.038	0.036	Spectrum Read#7
D	0.036	0.037	0.166	0.037	0.243	0.037	0.264	0.038	0.242	0.038	0.226	0.035	Spectrum Read#7
E	0.042	0.242	0.036	0.246	0.038	0.251	0.036	0.252	0.037	0.242	0.038	0.053	Spectrum Read#7
F	0.182	0.038	0.215	0.037	0.245	0.036	0.240	0.038	0.236	0.037	0.239	0.137	Spectrum Read#7
G	0.201	0.248	0.036	0.213	0.038	0.227	0.162	0.233	0.039	0.205	0.036	0.237	Spectrum Read#7
H	0.040	0.142	0.116	0.036	0.044	0.376	0.122	0.036	0.035	0.364	0.062	0.065	Spectrum Read#7

Spectrum
Wavelength 8 (620 nm)
	1	2	3	4	5	6	7	8	9	10	11	12
A	0.069	0.057	0.044	0.061	0.104	0.272	0.037	0.203	0.046	0.044	0.303	0.334	Spectrum Read#8
B	0.036	0.037	0.226	0.037	0.226	0.037	0.070	0.036	0.191	0.036	0.149	0.137	Spectrum Read#8
C	0.151	0.188	0.038	0.168	0.037	0.173	0.036	0.172	0.037	0.187	0.038	0.035	Spectrum Read#8
D	0.035	0.037	0.069	0.036	0.201	0.036	0.238	0.037	0.202	0.038	0.172	0.034	Spectrum Read#8
E	0.041	0.200	0.036	0.206	0.037	0.218	0.035	0.216	0.036	0.200	0.037	0.052	Spectrum Read#8
F	0.181	0.037	0.151	0.036	0.207	0.035	0.200	0.038	0.191	0.037	0.198	0.133	Spectrum Read#8
G	0.196	0.209	0.036	0.156	0.037	0.174	0.065	0.187	0.038	0.138	0.035	0.235	Spectrum Read#8
H	0.039	0.138	0.115	0.035	0.044	0.373	0.119	0.036	0.034	0.362	0.060	0.064	Spectrum Read#8

Spectrum
Wavelength 9 (650 nm)
	1	2	3	4	5	6	7	8	9	10	11	12
A	0.068	0.057	0.043	0.060	0.103	0.269	0.036	0.201	0.045	0.044	0.302	0.330	Spectrum Read#9
B	0.035	0.037	0.304	0.036	0.304	0.036	0.051	0.036	0.247	0.035	0.192	0.135	Spectrum Read#9
C	0.149	0.237	0.038	0.202	0.037	0.211	0.035	0.206	0.037	0.234	0.037	0.035	Spectrum Read#9
D	0.034	0.037	0.051	0.036	0.262	0.036	0.328	0.037	0.263	0.038	0.209	0.033	Spectrum Read#9
E	0.040	0.261	0.036	0.270	0.036	0.294	0.035	0.289	0.036	0.261	0.037	0.051	Spectrum Read#9
F	0.180	0.037	0.172	0.035	0.273	0.035	0.263	0.037	0.245	0.037	0.259	0.129	Spectrum Read#9
G	0.193	0.275	0.035	0.182	0.036	0.214	0.046	0.238	0.037	0.152	0.035	0.233	Spectrum Read#9
H	0.038	0.134	0.113	0.035	0.044	0.371	0.117	0.036	0.033	0.359	0.060	0.062	Spectrum Read#9

Spectrum
Wavelength 10 (680 nm)
	1	2	3	4	5	6	7	8	9	10	11	12
A	0.068	0.057	0.043	0.059	0.102	0.267	0.036	0.198	0.045	0.043	0.298	0.327	Spectrum Read#10
B	0.034	0.036	0.111	0.035	0.111	0.036	0.043	0.035	0.096	0.035	0.079	0.132	Spectrum Read#10
C	0.146	0.096	0.037	0.087	0.036	0.089	0.035	0.088	0.036	0.095	0.037	0.034	Spectrum Read#10
D	0.033	0.037	0.044	0.036	0.101	0.035	0.117	0.037	0.102	0.037	0.089	0.032	Spectrum Read#10
E	0.039	0.102	0.037	0.103	0.036	0.108	0.035	0.107	0.036	0.102	0.036	0.050	Spectrum Read#10
F	0.177	0.036	0.080	0.034	0.105	0.035	0.101	0.036	0.098	0.037	0.100	0.127	Spectrum Read#10
G	0.190	0.104	0.035	0.081	0.035	0.089	0.041	0.095	0.036	0.073	0.035	0.231	Spectrum Read#10
H	0.037	0.131	0.112	0.034	0.044	0.369	0.117	0.035	0.032	0.356	0.059	0.061	Spectrum Read#10

