Spectrum
Wavelength 1 (410 nm)
	1	2	3	4	5	6	7	8	9	10	11	12
A	0.237	0.049	0.050	0.063	0.049	0.050	0.053	0.052	0.212	0.050	0.052	0.397	Spectrum Read#1
B	0.052	0.043	0.219	0.043	0.223	0.044	0.224	0.043	0.236	0.043	0.243	0.185	Spectrum Read#1
C	0.053	0.224	0.043	0.223	0.043	0.224	0.043	0.225	0.043	0.222	0.044	0.052	Spectrum Read#1
D	0.053	0.045	0.223	0.044	0.225	0.043	0.225	0.043	0.221	0.045	0.224	0.055	Spectrum Read#1
E	0.195	0.219	0.138	0.223	0.045	0.224	0.043	0.221	0.044	0.218	0.044	0.112	Spectrum Read#1
F	0.057	0.043	0.225	0.043	0.224	0.043	0.222	0.044	0.219	0.043	0.220	0.054	Spectrum Read#1
G	0.052	0.223	0.043	0.225	0.043	0.219	0.214	0.220	0.043	0.223	0.043	0.203	Spectrum Read#1
H	0.053	0.106	0.100	0.059	0.069	0.135	0.068	0.056	0.072	0.064	0.046	0.052	Spectrum Read#1

Spectrum
Wavelength 2 (440 nm)
	1	2	3	4	5	6	7	8	9	10	11	12
A	0.227	0.047	0.047	0.055	0.047	0.048	0.045	0.044	0.203	0.048	0.044	0.386	Spectrum Read#2
B	0.044	0.040	0.207	0.040	0.212	0.040	0.213	0.040	0.226	0.040	0.232	0.175	Spectrum Read#2
C	0.044	0.213	0.040	0.212	0.040	0.213	0.039	0.213	0.040	0.210	0.040	0.044	Spectrum Read#2
D	0.044	0.042	0.212	0.040	0.214	0.039	0.214	0.040	0.210	0.042	0.213	0.047	Spectrum Read#2
E	0.186	0.218	0.128	0.213	0.042	0.213	0.040	0.211	0.040	0.208	0.040	0.102	Spectrum Read#2
F	0.048	0.039	0.214	0.040	0.212	0.039	0.211	0.041	0.208	0.040	0.221	0.046	Spectrum Read#2
G	0.043	0.212	0.039	0.213	0.040	0.208	0.214	0.209	0.040	0.211	0.040	0.191	Spectrum Read#2
H	0.044	0.096	0.092	0.050	0.060	0.125	0.059	0.051	0.065	0.056	0.042	0.047	Spectrum Read#2

Spectrum
Wavelength 3 (470 nm)
	1	2	3	4	5	6	7	8	9	10	11	12
A	0.220	0.046	0.046	0.051	0.046	0.046	0.041	0.040	0.197	0.047	0.040	0.382	Spectrum Read#3
B	0.040	0.038	0.208	0.038	0.213	0.038	0.214	0.038	0.226	0.039	0.236	0.170	Spectrum Read#3
C	0.041	0.214	0.038	0.216	0.038	0.216	0.038	0.219	0.038	0.213	0.038	0.041	Spectrum Read#3
D	0.041	0.041	0.214	0.039	0.214	0.038	0.217	0.038	0.214	0.040	0.215	0.043	Spectrum Read#3
E	0.182	0.249	0.120	0.218	0.040	0.215	0.038	0.218	0.039	0.209	0.038	0.097	Spectrum Read#3
F	0.044	0.038	0.218	0.038	0.213	0.038	0.213	0.040	0.213	0.038	0.253	0.043	Spectrum Read#3
G	0.040	0.213	0.037	0.214	0.038	0.215	0.245	0.210	0.038	0.211	0.038	0.186	Spectrum Read#3
H	0.040	0.092	0.089	0.046	0.056	0.123	0.055	0.049	0.061	0.051	0.041	0.046	Spectrum Read#3

Spectrum
Wavelength 4 (500 nm)
	1	2	3	4	5	6	7	8	9	10	11	12
A	0.217	0.045	0.046	0.050	0.045	0.045	0.039	0.038	0.192	0.046	0.038	0.378	Spectrum Read#4
B	0.038	0.038	0.237	0.038	0.247	0.037	0.247	0.037	0.258	0.038	0.276	0.165	Spectrum Read#4
C	0.039	0.247	0.037	0.253	0.037	0.252	0.037	0.258	0.037	0.247	0.037	0.039	Spectrum Read#4
D	0.039	0.039	0.245	0.038	0.247	0.037	0.252	0.038	0.251	0.039	0.251	0.040	Spectrum Read#4
E	0.178	0.318	0.112	0.257	0.039	0.250	0.037	0.258	0.039	0.242	0.038	0.094	Spectrum Read#4
F	0.043	0.037	0.254	0.037	0.247	0.037	0.247	0.038	0.251	0.037	0.321	0.041	Spectrum Read#4
G	0.037	0.246	0.037	0.247	0.037	0.255	0.311	0.241	0.037	0.242	0.037	0.182	Spectrum Read#4
H	0.038	0.090	0.087	0.045	0.054	0.119	0.052	0.047	0.058	0.048	0.040	0.045	Spectrum Read#4

Spectrum
Wavelength 5 (530 nm)
	1	2	3	4	5	6	7	8	9	10	11	12
A	0.213	0.046	0.046	0.049	0.045	0.045	0.038	0.037	0.189	0.046	0.037	0.377	Spectrum Read#5
B	0.038	0.038	0.270	0.038	0.283	0.037	0.284	0.037	0.293	0.038	0.316	0.162	Spectrum Read#5
C	0.038	0.284	0.037	0.290	0.037	0.290	0.037	0.299	0.038	0.284	0.038	0.038	Spectrum Read#5
D	0.038	0.038	0.280	0.038	0.283	0.037	0.290	0.037	0.289	0.038	0.288	0.039	Spectrum Read#5
E	0.176	0.373	0.105	0.297	0.039	0.288	0.037	0.299	0.039	0.277	0.038	0.093	Spectrum Read#5
F	0.043	0.037	0.291	0.038	0.282	0.037	0.284	0.038	0.289	0.037	0.375	0.040	Spectrum Read#5
G	0.037	0.280	0.037	0.282	0.037	0.295	0.364	0.277	0.037	0.277	0.037	0.179	Spectrum Read#5
H	0.037	0.089	0.086	0.044	0.053	0.117	0.052	0.047	0.056	0.047	0.040	0.044	Spectrum Read#5

Spectrum
Wavelength 6 (560 nm)
	1	2	3	4	5	6	7	8	9	10	11	12
A	0.215	0.046	0.046	0.048	0.045	0.045	0.037	0.036	0.188	0.046	0.037	0.371	Spectrum Read#6
B	0.037	0.038	0.270	0.038	0.280	0.037	0.280	0.037	0.289	0.037	0.306	0.161	Spectrum Read#6
C	0.037	0.281	0.038	0.284	0.037	0.284	0.037	0.290	0.038	0.281	0.038	0.037	Spectrum Read#6
D	0.037	0.038	0.277	0.037	0.280	0.037	0.285	0.036	0.282	0.038	0.284	0.039	Spectrum Read#6
E	0.172	0.323	0.098	0.288	0.039	0.282	0.037	0.289	0.038	0.274	0.038	0.091	Spectrum Read#6
F	0.043	0.037	0.284	0.038	0.278	0.037	0.280	0.038	0.281	0.037	0.322	0.040	Spectrum Read#6
G	0.036	0.277	0.037	0.280	0.037	0.285	0.314	0.275	0.037	0.276	0.036	0.176	Spectrum Read#6
H	0.037	0.087	0.083	0.044	0.052	0.116	0.052	0.047	0.055	0.046	0.040	0.044	Spectrum Read#6

Spectrum
Wavelength 7 (590 nm)
	1	2	3	4	5	6	7	8	9	10	11	12
A	0.213	0.046	0.046	0.048	0.045	0.045	0.037	0.036	0.185	0.046	0.036	0.368	Spectrum Read#7
B	0.037	0.038	0.248	0.037	0.247	0.037	0.249	0.037	0.260	0.037	0.259	0.158	Spectrum Read#7
C	0.037	0.249	0.038	0.244	0.037	0.245	0.037	0.241	0.038	0.246	0.038	0.037	Spectrum Read#7
D	0.037	0.038	0.248	0.037	0.250	0.037	0.247	0.037	0.241	0.039	0.247	0.039	Spectrum Read#7
E	0.171	0.168	0.093	0.238	0.040	0.244	0.037	0.236	0.037	0.243	0.038	0.090	Spectrum Read#7
F	0.043	0.037	0.245	0.038	0.247	0.036	0.244	0.039	0.237	0.038	0.163	0.039	Spectrum Read#7
G	0.036	0.244	0.036	0.250	0.038	0.234	0.161	0.245	0.038	0.250	0.036	0.173	Spectrum Read#7
H	0.036	0.086	0.080	0.043	0.052	0.116	0.051	0.047	0.054	0.046	0.040	0.044	Spectrum Read#7

Spectrum
Wavelength 8 (620 nm)
	1	2	3	4	5	6	7	8	9	10	11	12
A	0.212	0.045	0.045	0.047	0.044	0.044	0.035	0.035	0.184	0.045	0.036	0.367	Spectrum Read#8
B	0.036	0.038	0.216	0.036	0.211	0.036	0.213	0.036	0.224	0.036	0.214	0.157	Spectrum Read#8
C	0.035	0.212	0.038	0.203	0.037	0.205	0.036	0.197	0.038	0.208	0.038	0.036	Spectrum Read#8
D	0.036	0.038	0.214	0.036	0.214	0.036	0.208	0.036	0.201	0.039	0.209	0.038	Spectrum Read#8
E	0.169	0.073	0.087	0.193	0.038	0.205	0.036	0.189	0.036	0.208	0.038	0.089	Spectrum Read#8
F	0.043	0.036	0.204	0.036	0.212	0.036	0.205	0.038	0.195	0.037	0.066	0.038	Spectrum Read#8
G	0.035	0.207	0.035	0.215	0.037	0.188	0.067	0.210	0.037	0.216	0.035	0.171	Spectrum Read#8
H	0.035	0.085	0.078	0.042	0.051	0.116	0.048	0.045	0.053	0.045	0.040	0.044	Spectrum Read#8

Spectrum
Wavelength 9 (650 nm)
	1	2	3	4	5	6	7	8	9	10	11	12
A	0.211	0.045	0.045	0.046	0.043	0.043	0.035	0.034	0.182	0.045	0.035	0.364	Spectrum Read#9
B	0.035	0.037	0.292	0.035	0.280	0.036	0.284	0.035	0.298	0.036	0.275	0.155	Spectrum Read#9
C	0.035	0.284	0.038	0.267	0.036	0.269	0.035	0.254	0.037	0.276	0.037	0.035	Spectrum Read#9
D	0.035	0.038	0.287	0.036	0.288	0.035	0.274	0.036	0.264	0.039	0.276	0.037	Spectrum Read#9
E	0.167	0.054	0.083	0.247	0.037	0.270	0.035	0.239	0.036	0.277	0.037	0.088	Spectrum Read#9
F	0.043	0.035	0.269	0.035	0.283	0.035	0.271	0.038	0.254	0.037	0.047	0.038	Spectrum Read#9
G	0.034	0.275	0.035	0.286	0.036	0.240	0.049	0.280	0.036	0.292	0.035	0.169	Spectrum Read#9
H	0.035	0.083	0.076	0.041	0.050	0.113	0.046	0.043	0.052	0.044	0.039	0.043	Spectrum Read#9

Spectrum
Wavelength 10 (680 nm)
	1	2	3	4	5	6	7	8	9	10	11	12
A	0.210	0.044	0.044	0.045	0.043	0.042	0.034	0.033	0.180	0.044	0.035	0.361	Spectrum Read#10
B	0.034	0.036	0.107	0.035	0.105	0.035	0.106	0.035	0.110	0.035	0.106	0.154	Spectrum Read#10
C	0.034	0.108	0.037	0.103	0.036	0.103	0.035	0.100	0.036	0.105	0.037	0.034	Spectrum Read#10
D	0.034	0.038	0.108	0.036	0.107	0.035	0.104	0.035	0.102	0.039	0.106	0.037	Spectrum Read#10
E	0.165	0.044	0.080	0.097	0.036	0.103	0.035	0.097	0.036	0.106	0.036	0.087	Spectrum Read#10
F	0.042	0.035	0.104	0.035	0.107	0.035	0.103	0.036	0.100	0.036	0.041	0.037	Spectrum Read#10
G	0.033	0.104	0.035	0.107	0.035	0.096	0.041	0.106	0.035	0.108	0.035	0.166	Spectrum Read#10
H	0.034	0.081	0.074	0.040	0.050	0.110	0.045	0.041	0.052	0.043	0.038	0.043	Spectrum Read#10

