Spectrum
Wavelength 1 (410 nm)
	1	2	3	4	5	6	7	8	9	10	11	12
A	0.049	0.049	0.049	0.049	0.049	0.051	0.053	0.050	0.067	0.049	0.050	0.146	Spectrum Read#1
B	0.050	0.043	0.230	0.042	0.222	0.042	0.227	0.042	0.249	0.042	0.239	0.059	Spectrum Read#1
C	0.050	0.218	0.042	0.230	0.042	0.223	0.043	0.221	0.043	0.224	0.043	0.074	Spectrum Read#1
D	0.054	0.044	0.225	0.043	0.223	0.046	0.217	0.043	0.225	0.050	0.222	0.216	Spectrum Read#1
E	0.049	0.216	0.042	0.225	0.043	0.222	0.042	0.218	0.044	0.217	0.044	0.177	Spectrum Read#1
F	0.055	0.042	0.222	0.043	0.221	0.042	0.225	0.042	0.209	0.042	0.210	0.051	Spectrum Read#1
G	0.051	0.220	0.042	0.217	0.042	0.220	0.216	0.220	0.042	0.221	0.043	0.052	Spectrum Read#1
H	0.050	0.058	0.143	0.050	0.050	0.181	0.050	0.050	0.049	0.098	0.152	0.046	Spectrum Read#1

Spectrum
Wavelength 2 (440 nm)
	1	2	3	4	5	6	7	8	9	10	11	12
A	0.043	0.043	0.043	0.042	0.043	0.045	0.047	0.043	0.060	0.043	0.043	0.139	Spectrum Read#2
B	0.043	0.041	0.220	0.039	0.212	0.039	0.217	0.040	0.239	0.040	0.229	0.053	Spectrum Read#2
C	0.044	0.210	0.040	0.220	0.039	0.213	0.040	0.211	0.040	0.214	0.040	0.068	Spectrum Read#2
D	0.048	0.041	0.216	0.040	0.214	0.044	0.208	0.040	0.215	0.047	0.212	0.205	Spectrum Read#2
E	0.043	0.216	0.039	0.215	0.041	0.212	0.039	0.209	0.041	0.207	0.041	0.169	Spectrum Read#2
F	0.049	0.039	0.212	0.040	0.211	0.040	0.214	0.040	0.199	0.040	0.211	0.046	Spectrum Read#2
G	0.045	0.210	0.039	0.206	0.040	0.209	0.217	0.211	0.040	0.210	0.039	0.046	Spectrum Read#2
H	0.044	0.051	0.136	0.043	0.043	0.172	0.043	0.043	0.043	0.091	0.144	0.043	Spectrum Read#2

Spectrum
Wavelength 3 (470 nm)
	1	2	3	4	5	6	7	8	9	10	11	12
A	0.039	0.040	0.039	0.039	0.040	0.042	0.044	0.040	0.057	0.040	0.039	0.137	Spectrum Read#3
B	0.039	0.039	0.221	0.038	0.214	0.037	0.219	0.038	0.241	0.038	0.229	0.050	Spectrum Read#3
C	0.040	0.216	0.038	0.225	0.038	0.218	0.038	0.214	0.037	0.217	0.038	0.064	Spectrum Read#3
D	0.044	0.039	0.217	0.039	0.216	0.042	0.215	0.039	0.217	0.045	0.215	0.199	Spectrum Read#3
E	0.040	0.246	0.038	0.214	0.039	0.220	0.037	0.213	0.039	0.209	0.039	0.163	Spectrum Read#3
F	0.046	0.037	0.216	0.037	0.213	0.037	0.218	0.038	0.201	0.038	0.242	0.043	Spectrum Read#3
G	0.041	0.211	0.037	0.206	0.038	0.209	0.248	0.214	0.037	0.208	0.038	0.042	Spectrum Read#3
H	0.040	0.048	0.133	0.039	0.039	0.170	0.040	0.040	0.039	0.083	0.139	0.043	Spectrum Read#3

Spectrum
Wavelength 4 (500 nm)
	1	2	3	4	5	6	7	8	9	10	11	12
A	0.037	0.038	0.038	0.037	0.038	0.040	0.042	0.038	0.055	0.038	0.037	0.135	Spectrum Read#4
B	0.038	0.039	0.256	0.037	0.248	0.037	0.254	0.037	0.279	0.038	0.263	0.047	Spectrum Read#4
C	0.039	0.256	0.037	0.265	0.037	0.258	0.038	0.249	0.037	0.254	0.037	0.061	Spectrum Read#4
D	0.042	0.038	0.249	0.038	0.251	0.041	0.257	0.038	0.252	0.044	0.251	0.195	Spectrum Read#4
E	0.038	0.313	0.037	0.244	0.038	0.263	0.037	0.251	0.039	0.241	0.038	0.161	Spectrum Read#4
F	0.045	0.037	0.252	0.037	0.248	0.037	0.257	0.037	0.233	0.037	0.306	0.042	Spectrum Read#4
G	0.038	0.246	0.037	0.237	0.037	0.239	0.314	0.250	0.037	0.237	0.037	0.040	Spectrum Read#4
H	0.038	0.046	0.131	0.037	0.038	0.166	0.037	0.038	0.038	0.077	0.136	0.042	Spectrum Read#4

Spectrum
Wavelength 5 (530 nm)
	1	2	3	4	5	6	7	8	9	10	11	12
A	0.036	0.037	0.037	0.036	0.037	0.039	0.041	0.037	0.053	0.037	0.037	0.135	Spectrum Read#5
B	0.037	0.039	0.292	0.037	0.284	0.036	0.291	0.036	0.318	0.037	0.297	0.045	Spectrum Read#5
C	0.037	0.296	0.037	0.304	0.036	0.297	0.037	0.285	0.037	0.292	0.037	0.058	Spectrum Read#5
D	0.041	0.037	0.284	0.038	0.287	0.041	0.297	0.038	0.287	0.043	0.289	0.194	Spectrum Read#5
E	0.037	0.365	0.036	0.278	0.038	0.304	0.036	0.289	0.039	0.276	0.039	0.160	Spectrum Read#5
F	0.044	0.037	0.288	0.037	0.283	0.037	0.296	0.036	0.266	0.036	0.357	0.040	Spectrum Read#5
G	0.037	0.281	0.037	0.271	0.036	0.273	0.366	0.288	0.036	0.270	0.036	0.039	Spectrum Read#5
H	0.037	0.045	0.129	0.036	0.037	0.162	0.036	0.037	0.037	0.073	0.134	0.042	Spectrum Read#5

Spectrum
Wavelength 6 (560 nm)
	1	2	3	4	5	6	7	8	9	10	11	12
A	0.036	0.037	0.036	0.036	0.037	0.038	0.040	0.036	0.053	0.037	0.036	0.132	Spectrum Read#6
B	0.037	0.039	0.288	0.037	0.279	0.036	0.286	0.036	0.311	0.037	0.292	0.045	Spectrum Read#6
C	0.037	0.286	0.037	0.295	0.037	0.289	0.037	0.280	0.038	0.286	0.038	0.059	Spectrum Read#6
D	0.041	0.037	0.281	0.037	0.282	0.041	0.285	0.037	0.283	0.044	0.283	0.192	Spectrum Read#6
E	0.036	0.316	0.036	0.277	0.038	0.292	0.036	0.282	0.038	0.273	0.039	0.158	Spectrum Read#6
F	0.045	0.037	0.282	0.038	0.278	0.037	0.288	0.037	0.262	0.037	0.307	0.040	Spectrum Read#6
G	0.037	0.277	0.037	0.268	0.037	0.272	0.316	0.282	0.037	0.271	0.036	0.038	Spectrum Read#6
H	0.036	0.044	0.125	0.035	0.037	0.161	0.036	0.037	0.036	0.071	0.132	0.043	Spectrum Read#6

Spectrum
Wavelength 7 (590 nm)
	1	2	3	4	5	6	7	8	9	10	11	12
A	0.036	0.036	0.036	0.036	0.036	0.038	0.040	0.036	0.052	0.037	0.036	0.130	Spectrum Read#7
B	0.036	0.039	0.256	0.037	0.245	0.036	0.249	0.036	0.267	0.036	0.260	0.044	Spectrum Read#7
C	0.036	0.233	0.038	0.244	0.036	0.240	0.037	0.242	0.038	0.245	0.038	0.058	Spectrum Read#7
D	0.040	0.037	0.252	0.037	0.247	0.040	0.228	0.037	0.249	0.044	0.242	0.189	Spectrum Read#7
E	0.035	0.163	0.036	0.253	0.038	0.234	0.036	0.236	0.037	0.240	0.039	0.157	Spectrum Read#7
F	0.045	0.036	0.241	0.037	0.242	0.036	0.242	0.037	0.231	0.037	0.156	0.040	Spectrum Read#7
G	0.036	0.240	0.036	0.240	0.038	0.247	0.160	0.240	0.037	0.252	0.036	0.037	Spectrum Read#7
H	0.036	0.043	0.122	0.035	0.037	0.161	0.036	0.037	0.036	0.069	0.130	0.043	Spectrum Read#7

Spectrum
Wavelength 8 (620 nm)
	1	2	3	4	5	6	7	8	9	10	11	12
A	0.035	0.036	0.036	0.035	0.035	0.037	0.039	0.035	0.052	0.037	0.035	0.130	Spectrum Read#8
B	0.036	0.038	0.218	0.036	0.208	0.036	0.210	0.036	0.224	0.036	0.223	0.043	Spectrum Read#8
C	0.035	0.187	0.037	0.199	0.037	0.195	0.037	0.203	0.038	0.205	0.038	0.057	Spectrum Read#8
D	0.039	0.037	0.217	0.036	0.209	0.040	0.181	0.037	0.212	0.044	0.203	0.189	Spectrum Read#8
E	0.035	0.070	0.036	0.220	0.037	0.185	0.035	0.193	0.037	0.204	0.039	0.156	Spectrum Read#8
F	0.044	0.036	0.201	0.036	0.205	0.036	0.200	0.037	0.197	0.037	0.064	0.039	Spectrum Read#8
G	0.036	0.203	0.035	0.207	0.037	0.214	0.065	0.200	0.036	0.222	0.036	0.036	Spectrum Read#8
H	0.035	0.043	0.120	0.034	0.037	0.160	0.035	0.037	0.035	0.066	0.128	0.043	Spectrum Read#8

Spectrum
Wavelength 9 (650 nm)
	1	2	3	4	5	6	7	8	9	10	11	12
A	0.034	0.035	0.035	0.035	0.035	0.036	0.038	0.034	0.051	0.036	0.035	0.128	Spectrum Read#9
B	0.034	0.037	0.290	0.035	0.274	0.035	0.276	0.035	0.291	0.035	0.292	0.043	Spectrum Read#9
C	0.034	0.238	0.037	0.254	0.036	0.252	0.036	0.266	0.037	0.267	0.037	0.056	Spectrum Read#9
D	0.038	0.037	0.291	0.036	0.276	0.039	0.227	0.036	0.281	0.044	0.264	0.187	Spectrum Read#9
E	0.034	0.052	0.036	0.297	0.036	0.234	0.035	0.248	0.036	0.271	0.038	0.154	Spectrum Read#9
F	0.044	0.035	0.264	0.035	0.270	0.035	0.259	0.036	0.264	0.037	0.046	0.038	Spectrum Read#9
G	0.035	0.267	0.035	0.274	0.036	0.288	0.046	0.260	0.035	0.303	0.035	0.035	Spectrum Read#9
H	0.035	0.041	0.117	0.033	0.037	0.157	0.034	0.036	0.034	0.064	0.125	0.042	Spectrum Read#9

Spectrum
Wavelength 10 (680 nm)
	1	2	3	4	5	6	7	8	9	10	11	12
A	0.034	0.035	0.034	0.034	0.035	0.036	0.038	0.034	0.050	0.035	0.034	0.126	Spectrum Read#10
B	0.033	0.036	0.109	0.035	0.104	0.035	0.104	0.035	0.110	0.035	0.109	0.042	Spectrum Read#10
C	0.033	0.096	0.037	0.103	0.036	0.099	0.036	0.103	0.036	0.103	0.037	0.056	Spectrum Read#10
D	0.037	0.037	0.110	0.036	0.105	0.039	0.092	0.036	0.107	0.044	0.103	0.185	Spectrum Read#10
E	0.033	0.044	0.036	0.108	0.035	0.094	0.035	0.098	0.036	0.104	0.037	0.153	Spectrum Read#10
F	0.044	0.034	0.103	0.035	0.104	0.035	0.100	0.035	0.101	0.037	0.041	0.038	Spectrum Read#10
G	0.034	0.102	0.035	0.104	0.035	0.106	0.041	0.100	0.035	0.111	0.035	0.035	Spectrum Read#10
H	0.034	0.040	0.116	0.032	0.037	0.153	0.033	0.035	0.033	0.061	0.123	0.042	Spectrum Read#10

