Spectrum
Wavelength 1 (410 nm)
	1	2	3	4	5	6	7	8	9	10	11	12
A	0.073	0.054	0.051	0.053	0.243	0.202	0.178	0.056	0.287	0.113	0.046	0.229	Spectrum Read#1
B	0.102	0.042	0.229	0.042	0.227	0.043	0.229	0.042	0.237	0.044	0.238	0.829	Spectrum Read#1
C	0.056	0.226	0.042	0.226	0.043	0.229	0.043	0.227	0.045	0.230	0.069	0.064	Spectrum Read#1
D	0.099	0.044	0.228	0.045	0.226	0.043	0.228	0.042	0.229	0.045	0.227	0.081	Spectrum Read#1
E	0.051	0.225	0.042	0.234	0.043	0.228	0.043	0.225	0.044	0.228	0.043	0.185	Spectrum Read#1
F	0.203	0.043	0.227	0.044	0.217	0.045	0.231	0.043	0.228	0.043	0.211	0.152	Spectrum Read#1
G	0.178	0.228	0.043	0.224	0.044	0.224	0.221	0.225	0.042	0.222	0.043	0.167	Spectrum Read#1
H	0.051	0.224	0.135	0.059	0.073	0.208	0.094	0.140	0.073	0.127	0.126	0.186	Spectrum Read#1

Spectrum
Wavelength 2 (440 nm)
	1	2	3	4	5	6	7	8	9	10	11	12
A	0.065	0.047	0.043	0.046	0.231	0.190	0.167	0.049	0.275	0.105	0.042	0.221	Spectrum Read#2
B	0.092	0.039	0.218	0.039	0.217	0.039	0.219	0.040	0.228	0.041	0.228	0.803	Spectrum Read#2
C	0.048	0.217	0.039	0.215	0.040	0.219	0.039	0.217	0.042	0.219	0.064	0.056	Spectrum Read#2
D	0.093	0.041	0.218	0.042	0.215	0.040	0.217	0.039	0.219	0.043	0.217	0.072	Spectrum Read#2
E	0.044	0.225	0.039	0.223	0.040	0.217	0.040	0.215	0.040	0.217	0.040	0.176	Spectrum Read#2
F	0.194	0.040	0.217	0.041	0.207	0.042	0.220	0.040	0.217	0.040	0.212	0.145	Spectrum Read#2
G	0.168	0.218	0.039	0.212	0.041	0.213	0.223	0.215	0.039	0.212	0.039	0.158	Spectrum Read#2
H	0.044	0.210	0.128	0.052	0.065	0.197	0.087	0.133	0.067	0.119	0.118	0.176	Spectrum Read#2

Spectrum
Wavelength 3 (470 nm)
	1	2	3	4	5	6	7	8	9	10	11	12
A	0.061	0.043	0.040	0.042	0.227	0.188	0.163	0.046	0.272	0.103	0.039	0.217	Spectrum Read#3
B	0.088	0.038	0.224	0.038	0.221	0.038	0.224	0.038	0.233	0.040	0.231	0.789	Spectrum Read#3
C	0.046	0.221	0.038	0.219	0.039	0.228	0.037	0.223	0.040	0.223	0.061	0.052	Spectrum Read#3
D	0.091	0.040	0.223	0.040	0.218	0.038	0.222	0.038	0.221	0.041	0.219	0.068	Spectrum Read#3
E	0.041	0.256	0.038	0.223	0.038	0.220	0.039	0.220	0.039	0.219	0.038	0.171	Spectrum Read#3
F	0.191	0.038	0.225	0.039	0.212	0.040	0.223	0.039	0.221	0.038	0.243	0.142	Spectrum Read#3
G	0.163	0.220	0.037	0.216	0.040	0.215	0.254	0.220	0.037	0.216	0.038	0.153	Spectrum Read#3
H	0.040	0.198	0.126	0.049	0.061	0.195	0.082	0.131	0.065	0.114	0.114	0.173	Spectrum Read#3

Spectrum
Wavelength 4 (500 nm)
	1	2	3	4	5	6	7	8	9	10	11	12
A	0.059	0.041	0.038	0.041	0.223	0.184	0.160	0.044	0.268	0.101	0.037	0.212	Spectrum Read#4
B	0.086	0.037	0.262	0.037	0.258	0.037	0.265	0.037	0.272	0.039	0.270	0.773	Spectrum Read#4
C	0.045	0.259	0.036	0.255	0.038	0.274	0.037	0.264	0.039	0.262	0.058	0.050	Spectrum Read#4
D	0.089	0.038	0.262	0.040	0.255	0.037	0.261	0.037	0.255	0.040	0.254	0.065	Spectrum Read#4
E	0.039	0.325	0.037	0.256	0.037	0.255	0.037	0.259	0.038	0.252	0.038	0.167	Spectrum Read#4
F	0.190	0.037	0.267	0.038	0.249	0.039	0.260	0.037	0.259	0.037	0.306	0.139	Spectrum Read#4
G	0.160	0.258	0.037	0.251	0.038	0.249	0.321	0.260	0.036	0.254	0.037	0.149	Spectrum Read#4
H	0.038	0.191	0.122	0.048	0.059	0.190	0.079	0.128	0.062	0.110	0.111	0.171	Spectrum Read#4

Spectrum
Wavelength 5 (530 nm)
	1	2	3	4	5	6	7	8	9	10	11	12
A	0.057	0.040	0.038	0.040	0.223	0.183	0.159	0.043	0.267	0.102	0.037	0.211	Spectrum Read#5
B	0.082	0.038	0.302	0.037	0.297	0.037	0.305	0.037	0.312	0.039	0.309	0.764	Spectrum Read#5
C	0.045	0.298	0.037	0.293	0.038	0.318	0.036	0.305	0.040	0.301	0.057	0.048	Spectrum Read#5
D	0.088	0.037	0.301	0.039	0.292	0.037	0.300	0.037	0.291	0.039	0.292	0.064	Spectrum Read#5
E	0.037	0.379	0.037	0.292	0.037	0.292	0.038	0.298	0.038	0.289	0.038	0.166	Spectrum Read#5
F	0.190	0.037	0.307	0.039	0.286	0.039	0.298	0.037	0.297	0.036	0.357	0.139	Spectrum Read#5
G	0.160	0.296	0.037	0.289	0.038	0.286	0.375	0.300	0.036	0.293	0.037	0.148	Spectrum Read#5
H	0.038	0.182	0.121	0.047	0.059	0.187	0.080	0.128	0.060	0.109	0.110	0.171	Spectrum Read#5

Spectrum
Wavelength 6 (560 nm)
	1	2	3	4	5	6	7	8	9	10	11	12
A	0.057	0.041	0.038	0.041	0.220	0.179	0.156	0.043	0.265	0.101	0.037	0.209	Spectrum Read#6
B	0.082	0.038	0.294	0.037	0.290	0.037	0.295	0.037	0.303	0.039	0.302	0.748	Spectrum Read#6
C	0.044	0.291	0.037	0.287	0.038	0.303	0.036	0.295	0.040	0.294	0.057	0.048	Spectrum Read#6
D	0.087	0.037	0.292	0.039	0.286	0.037	0.291	0.037	0.286	0.039	0.287	0.062	Spectrum Read#6
E	0.036	0.329	0.036	0.289	0.037	0.287	0.038	0.290	0.038	0.285	0.038	0.163	Spectrum Read#6
F	0.189	0.038	0.295	0.039	0.278	0.039	0.292	0.038	0.290	0.037	0.307	0.137	Spectrum Read#6
G	0.157	0.289	0.037	0.283	0.039	0.282	0.323	0.292	0.037	0.285	0.037	0.145	Spectrum Read#6
H	0.037	0.180	0.117	0.046	0.059	0.186	0.080	0.127	0.058	0.106	0.107	0.169	Spectrum Read#6

Spectrum
Wavelength 7 (590 nm)
	1	2	3	4	5	6	7	8	9	10	11	12
A	0.056	0.041	0.038	0.041	0.218	0.177	0.154	0.042	0.262	0.100	0.037	0.207	Spectrum Read#7
B	0.079	0.038	0.246	0.037	0.247	0.037	0.244	0.037	0.255	0.038	0.257	0.736	Spectrum Read#7
C	0.044	0.246	0.038	0.246	0.038	0.236	0.036	0.241	0.040	0.250	0.057	0.047	Spectrum Read#7
D	0.086	0.038	0.245	0.038	0.245	0.037	0.244	0.037	0.251	0.040	0.249	0.061	Spectrum Read#7
E	0.036	0.172	0.037	0.257	0.038	0.249	0.037	0.242	0.037	0.253	0.039	0.162	Spectrum Read#7
F	0.188	0.038	0.238	0.039	0.234	0.039	0.251	0.038	0.249	0.038	0.156	0.135	Spectrum Read#7
G	0.157	0.247	0.037	0.245	0.040	0.248	0.163	0.243	0.037	0.241	0.036	0.143	Spectrum Read#7
H	0.037	0.176	0.115	0.045	0.059	0.187	0.077	0.125	0.057	0.105	0.105	0.167	Spectrum Read#7

Spectrum
Wavelength 8 (620 nm)
	1	2	3	4	5	6	7	8	9	10	11	12
A	0.055	0.040	0.037	0.040	0.216	0.175	0.153	0.041	0.261	0.100	0.036	0.205	Spectrum Read#8
B	0.075	0.037	0.203	0.036	0.205	0.036	0.199	0.036	0.210	0.038	0.214	0.730	Spectrum Read#8
C	0.043	0.203	0.038	0.205	0.038	0.183	0.036	0.196	0.040	0.207	0.056	0.046	Spectrum Read#8
D	0.085	0.038	0.202	0.038	0.204	0.037	0.200	0.036	0.213	0.040	0.211	0.060	Spectrum Read#8
E	0.034	0.077	0.037	0.220	0.037	0.210	0.037	0.197	0.036	0.216	0.038	0.161	Spectrum Read#8
F	0.188	0.037	0.190	0.037	0.194	0.038	0.210	0.038	0.208	0.037	0.064	0.134	Spectrum Read#8
G	0.155	0.206	0.036	0.206	0.039	0.210	0.066	0.198	0.036	0.199	0.036	0.141	Spectrum Read#8
H	0.036	0.171	0.113	0.044	0.059	0.186	0.075	0.124	0.055	0.104	0.103	0.166	Spectrum Read#8

Spectrum
Wavelength 9 (650 nm)
	1	2	3	4	5	6	7	8	9	10	11	12
A	0.053	0.040	0.036	0.040	0.213	0.173	0.151	0.040	0.259	0.099	0.036	0.203	Spectrum Read#9
B	0.071	0.036	0.262	0.035	0.267	0.035	0.255	0.035	0.270	0.037	0.277	0.723	Spectrum Read#9
C	0.041	0.264	0.037	0.269	0.037	0.226	0.035	0.248	0.039	0.268	0.055	0.045	Spectrum Read#9
D	0.083	0.037	0.262	0.037	0.267	0.036	0.258	0.036	0.281	0.040	0.276	0.058	Spectrum Read#9
E	0.033	0.058	0.036	0.290	0.036	0.275	0.036	0.252	0.035	0.287	0.037	0.159	Spectrum Read#9
F	0.187	0.036	0.240	0.036	0.252	0.037	0.274	0.037	0.273	0.037	0.046	0.132	Spectrum Read#9
G	0.153	0.269	0.035	0.270	0.037	0.278	0.047	0.254	0.035	0.258	0.035	0.139	Spectrum Read#9
H	0.035	0.166	0.110	0.042	0.059	0.183	0.072	0.121	0.054	0.102	0.102	0.164	Spectrum Read#9

Spectrum
Wavelength 10 (680 nm)
	1	2	3	4	5	6	7	8	9	10	11	12
A	0.052	0.040	0.036	0.039	0.211	0.171	0.149	0.039	0.256	0.098	0.035	0.201	Spectrum Read#10
B	0.067	0.035	0.102	0.035	0.103	0.035	0.100	0.035	0.104	0.036	0.106	0.715	Spectrum Read#10
C	0.039	0.103	0.037	0.104	0.037	0.095	0.035	0.099	0.038	0.104	0.054	0.045	Spectrum Read#10
D	0.081	0.037	0.103	0.037	0.104	0.035	0.101	0.035	0.109	0.039	0.107	0.058	Spectrum Read#10
E	0.032	0.047	0.036	0.111	0.035	0.106	0.035	0.100	0.036	0.109	0.036	0.157	Spectrum Read#10
F	0.185	0.035	0.099	0.035	0.099	0.037	0.106	0.035	0.105	0.036	0.040	0.129	Spectrum Read#10
G	0.150	0.102	0.035	0.103	0.036	0.105	0.041	0.099	0.034	0.101	0.034	0.137	Spectrum Read#10
H	0.035	0.163	0.108	0.041	0.059	0.178	0.071	0.117	0.053	0.101	0.100	0.162	Spectrum Read#10

