Spectrum
Wavelength 1 (410 nm)
	1	2	3	4	5	6	7	8	9	10	11	12
A	0.077	0.102	0.164	0.050	0.142	0.052	0.131	0.050	0.873	0.091	0.051	0.056	Spectrum Read#1
B	0.072	0.042	0.237	0.042	0.231	0.042	0.231	0.042	0.230	0.042	0.228	0.074	Spectrum Read#1
C	0.061	0.232	0.042	0.233	0.042	0.229	0.045	0.232	0.042	0.229	0.043	0.051	Spectrum Read#1
D	0.071	0.042	0.224	0.043	0.230	0.043	0.231	0.045	0.237	0.042	0.230	0.138	Spectrum Read#1
E	0.078	0.237	0.042	0.228	0.046	0.232	0.043	0.229	0.045	0.227	0.042	0.056	Spectrum Read#1
F	0.087	0.043	0.222	0.042	0.224	0.042	0.224	0.042	0.227	0.042	0.224	0.050	Spectrum Read#1
G	0.051	0.231	0.043	0.225	0.044	0.228	0.226	0.228	0.042	0.229	0.041	0.275	Spectrum Read#1
H	0.054	0.065	0.247	0.049	0.051	0.068	0.205	0.278	0.050	0.154	0.197	0.051	Spectrum Read#1

Spectrum
Wavelength 2 (440 nm)
	1	2	3	4	5	6	7	8	9	10	11	12
A	0.070	0.095	0.156	0.043	0.133	0.045	0.124	0.044	0.838	0.083	0.044	0.049	Spectrum Read#2
B	0.066	0.039	0.227	0.039	0.221	0.040	0.222	0.039	0.221	0.040	0.220	0.068	Spectrum Read#2
C	0.053	0.223	0.040	0.224	0.040	0.220	0.043	0.223	0.040	0.219	0.041	0.044	Spectrum Read#2
D	0.064	0.040	0.216	0.040	0.220	0.040	0.221	0.041	0.226	0.040	0.220	0.127	Spectrum Read#2
E	0.072	0.226	0.040	0.217	0.043	0.224	0.040	0.229	0.043	0.218	0.039	0.049	Spectrum Read#2
F	0.080	0.040	0.224	0.040	0.226	0.039	0.226	0.039	0.229	0.039	0.226	0.043	Spectrum Read#2
G	0.044	0.221	0.040	0.222	0.041	0.218	0.229	0.218	0.039	0.218	0.038	0.266	Spectrum Read#2
H	0.047	0.057	0.238	0.043	0.044	0.060	0.199	0.269	0.043	0.143	0.190	0.044	Spectrum Read#2

Spectrum
Wavelength 3 (470 nm)
	1	2	3	4	5	6	7	8	9	10	11	12
A	0.067	0.093	0.152	0.040	0.130	0.042	0.121	0.041	0.820	0.081	0.041	0.047	Spectrum Read#3
B	0.063	0.038	0.227	0.038	0.220	0.038	0.226	0.038	0.224	0.039	0.231	0.064	Spectrum Read#3
C	0.050	0.225	0.038	0.229	0.038	0.225	0.041	0.226	0.038	0.222	0.039	0.041	Spectrum Read#3
D	0.060	0.039	0.226	0.038	0.225	0.039	0.224	0.040	0.223	0.039	0.222	0.123	Spectrum Read#3
E	0.069	0.223	0.039	0.218	0.042	0.234	0.039	0.259	0.041	0.219	0.038	0.046	Spectrum Read#3
F	0.077	0.039	0.256	0.038	0.260	0.038	0.258	0.039	0.261	0.038	0.258	0.040	Spectrum Read#3
G	0.040	0.220	0.039	0.252	0.040	0.217	0.260	0.218	0.038	0.216	0.037	0.260	Spectrum Read#3
H	0.044	0.053	0.235	0.040	0.040	0.058	0.193	0.265	0.040	0.138	0.182	0.040	Spectrum Read#3

Spectrum
Wavelength 4 (500 nm)
	1	2	3	4	5	6	7	8	9	10	11	12
A	0.065	0.090	0.148	0.038	0.127	0.039	0.118	0.038	0.805	0.079	0.039	0.045	Spectrum Read#4
B	0.060	0.038	0.258	0.038	0.250	0.037	0.266	0.037	0.259	0.038	0.279	0.061	Spectrum Read#4
C	0.047	0.259	0.037	0.270	0.037	0.266	0.040	0.263	0.037	0.258	0.037	0.039	Spectrum Read#4
D	0.058	0.037	0.272	0.038	0.263	0.038	0.262	0.040	0.250	0.038	0.256	0.119	Spectrum Read#4
E	0.067	0.251	0.038	0.253	0.041	0.281	0.038	0.327	0.040	0.250	0.037	0.044	Spectrum Read#4
F	0.075	0.038	0.323	0.038	0.325	0.037	0.325	0.037	0.330	0.037	0.325	0.038	Spectrum Read#4
G	0.038	0.252	0.038	0.321	0.039	0.246	0.326	0.247	0.037	0.244	0.037	0.255	Spectrum Read#4
H	0.041	0.051	0.231	0.038	0.038	0.055	0.190	0.259	0.038	0.135	0.178	0.038	Spectrum Read#4

Spectrum
Wavelength 5 (530 nm)
	1	2	3	4	5	6	7	8	9	10	11	12
A	0.063	0.089	0.145	0.037	0.125	0.039	0.115	0.038	0.797	0.079	0.038	0.044	Spectrum Read#5
B	0.057	0.038	0.292	0.038	0.282	0.037	0.304	0.038	0.295	0.038	0.323	0.059	Spectrum Read#5
C	0.046	0.295	0.038	0.309	0.037	0.304	0.040	0.301	0.037	0.295	0.037	0.038	Spectrum Read#5
D	0.056	0.037	0.314	0.038	0.302	0.037	0.300	0.040	0.281	0.037	0.290	0.118	Spectrum Read#5
E	0.065	0.284	0.037	0.290	0.040	0.324	0.038	0.379	0.041	0.285	0.037	0.043	Spectrum Read#5
F	0.074	0.038	0.375	0.038	0.377	0.037	0.378	0.037	0.383	0.037	0.377	0.037	Spectrum Read#5
G	0.037	0.286	0.038	0.373	0.039	0.278	0.377	0.280	0.036	0.276	0.037	0.251	Spectrum Read#5
H	0.040	0.050	0.230	0.037	0.037	0.053	0.188	0.256	0.037	0.134	0.171	0.038	Spectrum Read#5

Spectrum
Wavelength 6 (560 nm)
	1	2	3	4	5	6	7	8	9	10	11	12
A	0.064	0.089	0.145	0.037	0.124	0.038	0.115	0.037	0.785	0.079	0.038	0.044	Spectrum Read#6
B	0.058	0.038	0.288	0.037	0.280	0.037	0.293	0.037	0.287	0.038	0.305	0.059	Spectrum Read#6
C	0.046	0.289	0.038	0.298	0.037	0.293	0.040	0.293	0.038	0.289	0.038	0.037	Spectrum Read#6
D	0.056	0.037	0.298	0.038	0.292	0.037	0.292	0.039	0.282	0.037	0.284	0.117	Spectrum Read#6
E	0.066	0.285	0.037	0.286	0.040	0.307	0.038	0.330	0.041	0.281	0.038	0.043	Spectrum Read#6
F	0.073	0.038	0.322	0.038	0.324	0.036	0.325	0.037	0.328	0.037	0.323	0.037	Spectrum Read#6
G	0.037	0.282	0.038	0.327	0.039	0.277	0.324	0.279	0.037	0.276	0.036	0.251	Spectrum Read#6
H	0.040	0.049	0.226	0.037	0.037	0.052	0.186	0.253	0.037	0.134	0.171	0.037	Spectrum Read#6

Spectrum
Wavelength 7 (590 nm)
	1	2	3	4	5	6	7	8	9	10	11	12
A	0.063	0.088	0.143	0.037	0.122	0.037	0.114	0.037	0.777	0.079	0.038	0.044	Spectrum Read#7
B	0.057	0.038	0.259	0.037	0.255	0.037	0.244	0.037	0.247	0.038	0.231	0.059	Spectrum Read#7
C	0.045	0.252	0.039	0.247	0.038	0.242	0.040	0.250	0.038	0.248	0.038	0.037	Spectrum Read#7
D	0.056	0.038	0.231	0.037	0.246	0.037	0.249	0.039	0.269	0.038	0.251	0.116	Spectrum Read#7
E	0.065	0.268	0.038	0.252	0.041	0.238	0.038	0.179	0.040	0.251	0.038	0.043	Spectrum Read#7
F	0.073	0.038	0.164	0.038	0.164	0.037	0.166	0.038	0.165	0.037	0.163	0.037	Spectrum Read#7
G	0.037	0.252	0.038	0.182	0.040	0.254	0.164	0.256	0.038	0.258	0.037	0.247	Spectrum Read#7
H	0.040	0.049	0.222	0.036	0.037	0.054	0.182	0.248	0.037	0.132	0.170	0.037	Spectrum Read#7

Spectrum
Wavelength 8 (620 nm)
	1	2	3	4	5	6	7	8	9	10	11	12
A	0.062	0.086	0.141	0.036	0.121	0.036	0.112	0.036	0.771	0.077	0.037	0.043	Spectrum Read#8
B	0.056	0.037	0.224	0.036	0.222	0.036	0.199	0.037	0.208	0.037	0.175	0.058	Spectrum Read#8
C	0.044	0.213	0.038	0.202	0.037	0.196	0.039	0.208	0.038	0.208	0.038	0.035	Spectrum Read#8
D	0.054	0.038	0.179	0.037	0.202	0.037	0.207	0.038	0.241	0.038	0.214	0.114	Spectrum Read#8
E	0.064	0.238	0.038	0.214	0.040	0.183	0.037	0.085	0.039	0.215	0.037	0.042	Spectrum Read#8
F	0.072	0.037	0.067	0.036	0.067	0.036	0.068	0.038	0.066	0.037	0.065	0.036	Spectrum Read#8
G	0.036	0.217	0.037	0.093	0.039	0.222	0.066	0.223	0.037	0.228	0.036	0.245	Spectrum Read#8
H	0.039	0.047	0.220	0.035	0.037	0.054	0.180	0.244	0.036	0.131	0.166	0.036	Spectrum Read#8

Spectrum
Wavelength 9 (650 nm)
	1	2	3	4	5	6	7	8	9	10	11	12
A	0.061	0.085	0.140	0.035	0.119	0.035	0.112	0.035	0.766	0.077	0.036	0.043	Spectrum Read#9
B	0.055	0.037	0.297	0.036	0.296	0.036	0.254	0.036	0.269	0.036	0.209	0.057	Spectrum Read#9
C	0.043	0.279	0.038	0.257	0.037	0.248	0.038	0.270	0.038	0.270	0.038	0.034	Spectrum Read#9
D	0.054	0.038	0.221	0.036	0.261	0.036	0.269	0.038	0.329	0.038	0.282	0.114	Spectrum Read#9
E	0.063	0.322	0.038	0.285	0.040	0.222	0.037	0.066	0.038	0.285	0.037	0.042	Spectrum Read#9
F	0.071	0.036	0.049	0.036	0.048	0.036	0.049	0.037	0.047	0.037	0.046	0.036	Spectrum Read#9
G	0.035	0.287	0.037	0.073	0.038	0.297	0.048	0.299	0.036	0.310	0.035	0.243	Spectrum Read#9
H	0.038	0.046	0.216	0.034	0.036	0.052	0.178	0.241	0.035	0.130	0.163	0.036	Spectrum Read#9

Spectrum
Wavelength 10 (680 nm)
	1	2	3	4	5	6	7	8	9	10	11	12
A	0.060	0.084	0.139	0.034	0.117	0.034	0.111	0.035	0.758	0.076	0.035	0.042	Spectrum Read#10
B	0.054	0.036	0.110	0.035	0.109	0.035	0.099	0.035	0.103	0.035	0.088	0.056	Spectrum Read#10
C	0.043	0.107	0.037	0.102	0.036	0.098	0.038	0.105	0.037	0.104	0.037	0.033	Spectrum Read#10
D	0.053	0.037	0.092	0.036	0.101	0.035	0.103	0.037	0.118	0.037	0.108	0.113	Spectrum Read#10
E	0.062	0.117	0.037	0.108	0.038	0.092	0.036	0.050	0.037	0.109	0.036	0.041	Spectrum Read#10
F	0.070	0.035	0.043	0.035	0.041	0.035	0.042	0.035	0.041	0.036	0.041	0.035	Spectrum Read#10
G	0.034	0.107	0.035	0.052	0.036	0.110	0.041	0.110	0.035	0.113	0.034	0.241	Spectrum Read#10
H	0.037	0.045	0.213	0.033	0.036	0.050	0.177	0.238	0.034	0.128	0.160	0.035	Spectrum Read#10

