Spectrum
Wavelength 1 (410 nm)
	1	2	3	4	5	6	7	8	9	10	11	12
A	0.051	0.051	0.050	0.055	0.050	0.052	0.051	0.070	0.052	0.051	0.053	0.050	Spectrum Read#1
B	0.064	0.042	0.229	0.042	0.234	0.042	0.236	0.042	0.228	0.042	0.228	0.050	Spectrum Read#1
C	0.051	0.229	0.043	0.227	0.042	0.227	0.042	0.227	0.042	0.227	0.043	0.051	Spectrum Read#1
D	0.061	0.047	0.224	0.043	0.224	0.043	0.226	0.042	0.227	0.042	0.229	0.050	Spectrum Read#1
E	0.051	0.224	0.042	0.227	0.042	0.221	0.042	0.222	0.043	0.222	0.043	0.050	Spectrum Read#1
F	0.051	0.042	0.224	0.042	0.222	0.042	0.222	0.042	0.223	0.042	0.223	0.242	Spectrum Read#1
G	0.051	0.229	0.042	0.226	0.042	0.220	0.222	0.221	0.042	0.224	0.042	0.045	Spectrum Read#1
H	0.063	0.046	0.058	0.052	0.052	0.135	0.052	0.045	0.051	0.047	0.120	0.055	Spectrum Read#1

Spectrum
Wavelength 2 (440 nm)
	1	2	3	4	5	6	7	8	9	10	11	12
A	0.044	0.044	0.044	0.048	0.043	0.045	0.044	0.062	0.045	0.044	0.046	0.043	Spectrum Read#2
B	0.057	0.040	0.220	0.039	0.224	0.040	0.227	0.040	0.219	0.040	0.218	0.043	Spectrum Read#2
C	0.043	0.220	0.040	0.218	0.040	0.218	0.040	0.217	0.040	0.218	0.041	0.045	Spectrum Read#2
D	0.054	0.045	0.215	0.040	0.214	0.040	0.216	0.040	0.217	0.040	0.220	0.044	Spectrum Read#2
E	0.044	0.214	0.040	0.216	0.040	0.214	0.040	0.223	0.040	0.213	0.040	0.043	Spectrum Read#2
F	0.044	0.039	0.227	0.040	0.225	0.040	0.213	0.040	0.225	0.040	0.225	0.234	Spectrum Read#2
G	0.044	0.219	0.040	0.217	0.040	0.211	0.224	0.211	0.039	0.214	0.039	0.041	Spectrum Read#2
H	0.057	0.041	0.050	0.044	0.045	0.126	0.045	0.041	0.044	0.043	0.114	0.049	Spectrum Read#2

Spectrum
Wavelength 3 (470 nm)
	1	2	3	4	5	6	7	8	9	10	11	12
A	0.040	0.040	0.040	0.044	0.039	0.041	0.040	0.059	0.041	0.040	0.043	0.039	Spectrum Read#3
B	0.052	0.038	0.224	0.038	0.224	0.038	0.229	0.038	0.221	0.039	0.219	0.040	Spectrum Read#3
C	0.040	0.221	0.038	0.225	0.038	0.223	0.038	0.219	0.038	0.222	0.038	0.042	Spectrum Read#3
D	0.051	0.042	0.221	0.038	0.216	0.038	0.219	0.038	0.219	0.038	0.227	0.040	Spectrum Read#3
E	0.039	0.218	0.038	0.218	0.038	0.226	0.037	0.254	0.037	0.216	0.037	0.039	Spectrum Read#3
F	0.040	0.037	0.258	0.037	0.257	0.038	0.218	0.039	0.256	0.038	0.256	0.231	Spectrum Read#3
G	0.039	0.220	0.037	0.222	0.038	0.218	0.255	0.214	0.037	0.217	0.037	0.037	Spectrum Read#3
H	0.053	0.037	0.046	0.041	0.041	0.123	0.040	0.037	0.040	0.039	0.109	0.044	Spectrum Read#3

Spectrum
Wavelength 4 (500 nm)
	1	2	3	4	5	6	7	8	9	10	11	12
A	0.038	0.038	0.038	0.043	0.037	0.039	0.038	0.057	0.039	0.038	0.042	0.037	Spectrum Read#4
B	0.050	0.038	0.262	0.037	0.257	0.037	0.267	0.037	0.255	0.038	0.251	0.038	Spectrum Read#4
C	0.039	0.257	0.037	0.269	0.037	0.265	0.037	0.255	0.037	0.263	0.037	0.040	Spectrum Read#4
D	0.050	0.041	0.260	0.038	0.251	0.037	0.256	0.037	0.255	0.037	0.268	0.038	Spectrum Read#4
E	0.037	0.257	0.037	0.255	0.037	0.276	0.037	0.321	0.037	0.252	0.037	0.037	Spectrum Read#4
F	0.039	0.037	0.326	0.037	0.323	0.037	0.256	0.037	0.324	0.037	0.324	0.229	Spectrum Read#4
G	0.037	0.254	0.036	0.260	0.037	0.260	0.321	0.249	0.036	0.252	0.036	0.036	Spectrum Read#4
H	0.051	0.035	0.044	0.039	0.040	0.119	0.038	0.036	0.038	0.037	0.107	0.043	Spectrum Read#4

Spectrum
Wavelength 5 (530 nm)
	1	2	3	4	5	6	7	8	9	10	11	12
A	0.037	0.037	0.037	0.042	0.036	0.038	0.037	0.056	0.038	0.038	0.041	0.036	Spectrum Read#5
B	0.049	0.038	0.300	0.037	0.293	0.037	0.305	0.037	0.290	0.038	0.286	0.037	Spectrum Read#5
C	0.038	0.294	0.038	0.311	0.037	0.306	0.037	0.292	0.037	0.303	0.037	0.039	Spectrum Read#5
D	0.049	0.040	0.299	0.038	0.287	0.037	0.294	0.037	0.290	0.037	0.308	0.037	Spectrum Read#5
E	0.036	0.297	0.036	0.294	0.037	0.322	0.036	0.374	0.038	0.289	0.037	0.036	Spectrum Read#5
F	0.038	0.037	0.379	0.038	0.375	0.037	0.295	0.037	0.376	0.036	0.376	0.230	Spectrum Read#5
G	0.037	0.290	0.037	0.298	0.036	0.299	0.373	0.285	0.036	0.288	0.036	0.035	Spectrum Read#5
H	0.051	0.035	0.043	0.038	0.039	0.116	0.037	0.036	0.037	0.036	0.104	0.042	Spectrum Read#5

Spectrum
Wavelength 6 (560 nm)
	1	2	3	4	5	6	7	8	9	10	11	12
A	0.037	0.036	0.037	0.043	0.036	0.037	0.036	0.056	0.037	0.038	0.041	0.036	Spectrum Read#6
B	0.050	0.038	0.292	0.037	0.290	0.037	0.298	0.038	0.285	0.038	0.282	0.037	Spectrum Read#6
C	0.038	0.289	0.038	0.299	0.037	0.295	0.037	0.287	0.037	0.295	0.037	0.039	Spectrum Read#6
D	0.048	0.041	0.290	0.038	0.282	0.037	0.287	0.037	0.285	0.037	0.296	0.037	Spectrum Read#6
E	0.035	0.290	0.037	0.288	0.037	0.302	0.037	0.324	0.038	0.283	0.038	0.036	Spectrum Read#6
F	0.038	0.037	0.325	0.038	0.323	0.037	0.288	0.038	0.323	0.037	0.323	0.228	Spectrum Read#6
G	0.036	0.285	0.037	0.289	0.038	0.288	0.321	0.281	0.037	0.282	0.036	0.035	Spectrum Read#6
H	0.051	0.035	0.043	0.038	0.039	0.115	0.038	0.038	0.037	0.037	0.104	0.042	Spectrum Read#6

Spectrum
Wavelength 7 (590 nm)
	1	2	3	4	5	6	7	8	9	10	11	12
A	0.036	0.036	0.037	0.042	0.035	0.037	0.036	0.055	0.036	0.037	0.041	0.035	Spectrum Read#7
B	0.049	0.038	0.245	0.037	0.258	0.036	0.254	0.037	0.248	0.037	0.252	0.036	Spectrum Read#7
C	0.037	0.248	0.038	0.238	0.037	0.238	0.037	0.248	0.037	0.245	0.037	0.038	Spectrum Read#7
D	0.047	0.041	0.240	0.037	0.244	0.037	0.245	0.037	0.248	0.037	0.239	0.036	Spectrum Read#7
E	0.034	0.243	0.037	0.248	0.038	0.221	0.036	0.168	0.038	0.243	0.038	0.035	Spectrum Read#7
F	0.038	0.036	0.164	0.037	0.163	0.036	0.240	0.038	0.162	0.037	0.163	0.228	Spectrum Read#7
G	0.036	0.249	0.037	0.241	0.038	0.231	0.162	0.242	0.037	0.244	0.036	0.035	Spectrum Read#7
H	0.051	0.034	0.042	0.037	0.038	0.115	0.037	0.039	0.036	0.037	0.102	0.042	Spectrum Read#7

Spectrum
Wavelength 8 (620 nm)
	1	2	3	4	5	6	7	8	9	10	11	12
A	0.035	0.035	0.036	0.042	0.034	0.036	0.035	0.054	0.036	0.037	0.041	0.035	Spectrum Read#8
B	0.048	0.037	0.202	0.036	0.222	0.036	0.212	0.036	0.210	0.036	0.217	0.035	Spectrum Read#8
C	0.036	0.209	0.038	0.189	0.037	0.191	0.036	0.208	0.037	0.200	0.037	0.037	Spectrum Read#8
D	0.046	0.041	0.196	0.036	0.206	0.036	0.204	0.036	0.210	0.037	0.192	0.035	Spectrum Read#8
E	0.034	0.200	0.037	0.207	0.037	0.162	0.036	0.072	0.036	0.203	0.037	0.034	Spectrum Read#8
F	0.037	0.036	0.066	0.036	0.066	0.036	0.197	0.038	0.065	0.037	0.065	0.227	Spectrum Read#8
G	0.035	0.211	0.036	0.198	0.037	0.184	0.065	0.204	0.037	0.205	0.035	0.034	Spectrum Read#8
H	0.050	0.033	0.041	0.036	0.037	0.114	0.036	0.040	0.035	0.036	0.100	0.041	Spectrum Read#8

Spectrum
Wavelength 9 (650 nm)
	1	2	3	4	5	6	7	8	9	10	11	12
A	0.035	0.034	0.036	0.041	0.033	0.035	0.034	0.053	0.035	0.036	0.040	0.034	Spectrum Read#9
B	0.047	0.036	0.261	0.035	0.295	0.035	0.274	0.035	0.275	0.035	0.287	0.034	Spectrum Read#9
C	0.034	0.273	0.037	0.236	0.036	0.241	0.036	0.273	0.037	0.256	0.037	0.035	Spectrum Read#9
D	0.044	0.041	0.252	0.035	0.271	0.036	0.265	0.035	0.277	0.037	0.242	0.034	Spectrum Read#9
E	0.033	0.259	0.037	0.273	0.036	0.189	0.035	0.053	0.035	0.266	0.036	0.033	Spectrum Read#9
F	0.036	0.035	0.048	0.035	0.048	0.036	0.254	0.037	0.046	0.037	0.046	0.225	Spectrum Read#9
G	0.034	0.277	0.035	0.251	0.036	0.232	0.047	0.266	0.035	0.269	0.034	0.033	Spectrum Read#9
H	0.049	0.032	0.040	0.035	0.036	0.112	0.035	0.039	0.034	0.035	0.099	0.040	Spectrum Read#9

Spectrum
Wavelength 10 (680 nm)
	1	2	3	4	5	6	7	8	9	10	11	12
A	0.034	0.034	0.035	0.040	0.032	0.034	0.033	0.051	0.034	0.035	0.040	0.033	Spectrum Read#10
B	0.046	0.035	0.101	0.034	0.109	0.035	0.106	0.035	0.104	0.035	0.108	0.033	Spectrum Read#10
C	0.033	0.105	0.036	0.097	0.036	0.096	0.035	0.105	0.037	0.101	0.037	0.034	Spectrum Read#10
D	0.043	0.040	0.101	0.035	0.103	0.035	0.102	0.035	0.106	0.037	0.099	0.033	Spectrum Read#10
E	0.032	0.101	0.037	0.104	0.036	0.083	0.035	0.043	0.035	0.103	0.036	0.033	Spectrum Read#10
F	0.036	0.034	0.043	0.034	0.042	0.035	0.100	0.036	0.041	0.036	0.041	0.223	Spectrum Read#10
G	0.034	0.107	0.034	0.100	0.035	0.094	0.041	0.102	0.035	0.104	0.034	0.032	Spectrum Read#10
H	0.048	0.031	0.039	0.034	0.036	0.110	0.034	0.039	0.033	0.035	0.098	0.039	Spectrum Read#10

