Spectrum
Wavelength 1 (410 nm)
	1	2	3	4	5	6	7	8	9	10	11	12
A	0.050	0.049	0.072	0.125	0.121	0.060	0.058	0.050	0.438	0.051	0.050	0.053	Spectrum Read#1
B	0.088	0.044	0.230	0.050	0.231	0.042	0.231	0.042	0.230	0.042	0.228	0.067	Spectrum Read#1
C	0.049	0.229	0.043	0.225	0.045	0.227	0.043	0.228	0.045	0.227	0.048	0.050	Spectrum Read#1
D	0.051	0.042	0.226	0.047	0.229	0.043	0.227	0.043	0.227	0.043	0.227	0.050	Spectrum Read#1
E	0.050	0.227	0.043	0.225	0.042	0.222	0.042	0.218	0.043	0.225	0.042	0.092	Spectrum Read#1
F	0.054	0.042	0.224	0.042	0.224	0.049	0.224	0.041	0.224	0.042	0.223	0.154	Spectrum Read#1
G	0.049	0.227	0.042	0.230	0.042	0.222	0.223	0.223	0.042	0.218	0.042	0.255	Spectrum Read#1
H	0.094	0.293	0.050	0.053	0.123	0.407	0.069	0.052	0.116	0.096	0.210	0.081	Spectrum Read#1

Spectrum
Wavelength 2 (440 nm)
	1	2	3	4	5	6	7	8	9	10	11	12
A	0.043	0.042	0.066	0.117	0.112	0.052	0.051	0.043	0.421	0.044	0.044	0.047	Spectrum Read#2
B	0.081	0.041	0.219	0.047	0.221	0.039	0.220	0.039	0.220	0.040	0.218	0.059	Spectrum Read#2
C	0.042	0.219	0.041	0.215	0.043	0.216	0.040	0.217	0.043	0.217	0.045	0.043	Spectrum Read#2
D	0.045	0.040	0.216	0.043	0.217	0.040	0.216	0.040	0.216	0.040	0.217	0.043	Spectrum Read#2
E	0.043	0.217	0.041	0.215	0.039	0.213	0.039	0.216	0.040	0.215	0.039	0.084	Spectrum Read#2
F	0.048	0.039	0.226	0.039	0.225	0.046	0.225	0.039	0.225	0.039	0.224	0.149	Spectrum Read#2
G	0.042	0.218	0.038	0.230	0.039	0.212	0.225	0.213	0.039	0.209	0.038	0.245	Spectrum Read#2
H	0.087	0.281	0.043	0.047	0.117	0.394	0.062	0.045	0.109	0.088	0.203	0.075	Spectrum Read#2

Spectrum
Wavelength 3 (470 nm)
	1	2	3	4	5	6	7	8	9	10	11	12
A	0.041	0.039	0.064	0.114	0.109	0.050	0.049	0.041	0.415	0.042	0.041	0.045	Spectrum Read#3
B	0.077	0.040	0.221	0.046	0.223	0.038	0.222	0.038	0.224	0.039	0.222	0.058	Spectrum Read#3
C	0.040	0.222	0.039	0.223	0.041	0.220	0.038	0.220	0.042	0.223	0.043	0.041	Spectrum Read#3
D	0.043	0.038	0.223	0.042	0.220	0.038	0.218	0.039	0.221	0.039	0.224	0.040	Spectrum Read#3
E	0.040	0.221	0.040	0.220	0.038	0.226	0.038	0.248	0.038	0.221	0.037	0.081	Spectrum Read#3
F	0.046	0.038	0.259	0.037	0.259	0.045	0.258	0.039	0.258	0.038	0.257	0.147	Spectrum Read#3
G	0.039	0.228	0.038	0.263	0.038	0.220	0.258	0.221	0.038	0.220	0.037	0.240	Spectrum Read#3
H	0.085	0.274	0.041	0.044	0.112	0.390	0.059	0.042	0.108	0.082	0.200	0.073	Spectrum Read#3

Spectrum
Wavelength 4 (500 nm)
	1	2	3	4	5	6	7	8	9	10	11	12
A	0.039	0.038	0.063	0.112	0.107	0.048	0.046	0.039	0.410	0.040	0.040	0.043	Spectrum Read#4
B	0.075	0.040	0.254	0.045	0.258	0.037	0.257	0.038	0.261	0.039	0.259	0.058	Spectrum Read#4
C	0.039	0.260	0.039	0.266	0.040	0.257	0.038	0.254	0.040	0.263	0.042	0.039	Spectrum Read#4
D	0.041	0.037	0.263	0.042	0.255	0.038	0.254	0.039	0.259	0.038	0.264	0.038	Spectrum Read#4
E	0.038	0.261	0.039	0.261	0.037	0.277	0.037	0.318	0.038	0.260	0.037	0.079	Spectrum Read#4
F	0.045	0.037	0.328	0.037	0.327	0.044	0.327	0.037	0.328	0.037	0.326	0.145	Spectrum Read#4
G	0.037	0.274	0.037	0.332	0.037	0.262	0.326	0.260	0.037	0.267	0.037	0.235	Spectrum Read#4
H	0.083	0.270	0.039	0.043	0.109	0.381	0.056	0.040	0.107	0.076	0.195	0.071	Spectrum Read#4

Spectrum
Wavelength 5 (530 nm)
	1	2	3	4	5	6	7	8	9	10	11	12
A	0.038	0.037	0.062	0.110	0.106	0.046	0.045	0.038	0.408	0.039	0.039	0.043	Spectrum Read#5
B	0.075	0.040	0.290	0.044	0.295	0.037	0.294	0.038	0.300	0.038	0.297	0.058	Spectrum Read#5
C	0.038	0.299	0.039	0.309	0.040	0.294	0.037	0.291	0.040	0.303	0.041	0.038	Spectrum Read#5
D	0.040	0.037	0.303	0.042	0.292	0.037	0.291	0.038	0.297	0.037	0.303	0.037	Spectrum Read#5
E	0.036	0.302	0.038	0.301	0.037	0.323	0.037	0.374	0.039	0.300	0.037	0.078	Spectrum Read#5
F	0.044	0.037	0.382	0.038	0.381	0.043	0.381	0.036	0.381	0.037	0.379	0.145	Spectrum Read#5
G	0.036	0.318	0.037	0.384	0.037	0.303	0.380	0.300	0.037	0.311	0.036	0.233	Spectrum Read#5
H	0.084	0.268	0.038	0.042	0.107	0.377	0.056	0.040	0.105	0.072	0.193	0.070	Spectrum Read#5

Spectrum
Wavelength 6 (560 nm)
	1	2	3	4	5	6	7	8	9	10	11	12
A	0.037	0.036	0.062	0.111	0.103	0.046	0.045	0.037	0.403	0.038	0.038	0.042	Spectrum Read#6
B	0.074	0.040	0.287	0.043	0.291	0.036	0.290	0.037	0.293	0.037	0.291	0.057	Spectrum Read#6
C	0.037	0.293	0.039	0.298	0.040	0.289	0.037	0.288	0.040	0.295	0.041	0.037	Spectrum Read#6
D	0.039	0.037	0.294	0.041	0.288	0.037	0.287	0.038	0.290	0.037	0.293	0.036	Spectrum Read#6
E	0.035	0.294	0.037	0.293	0.037	0.304	0.037	0.328	0.038	0.291	0.037	0.077	Spectrum Read#6
F	0.044	0.037	0.328	0.038	0.327	0.042	0.326	0.037	0.327	0.036	0.326	0.143	Spectrum Read#6
G	0.035	0.303	0.037	0.331	0.037	0.292	0.326	0.291	0.037	0.295	0.036	0.229	Spectrum Read#6
H	0.083	0.263	0.037	0.041	0.105	0.372	0.056	0.041	0.102	0.069	0.191	0.069	Spectrum Read#6

Spectrum
Wavelength 7 (590 nm)
	1	2	3	4	5	6	7	8	9	10	11	12
A	0.037	0.036	0.063	0.112	0.102	0.045	0.045	0.037	0.400	0.039	0.038	0.043	Spectrum Read#7
B	0.074	0.040	0.258	0.043	0.257	0.037	0.256	0.037	0.253	0.038	0.252	0.056	Spectrum Read#7
C	0.037	0.252	0.040	0.241	0.040	0.250	0.038	0.256	0.041	0.248	0.042	0.037	Spectrum Read#7
D	0.038	0.038	0.245	0.040	0.254	0.037	0.252	0.038	0.248	0.038	0.245	0.036	Spectrum Read#7
E	0.035	0.250	0.038	0.245	0.038	0.226	0.037	0.179	0.038	0.245	0.038	0.077	Spectrum Read#7
F	0.044	0.037	0.166	0.038	0.166	0.043	0.164	0.038	0.165	0.037	0.164	0.142	Spectrum Read#7
G	0.036	0.235	0.037	0.170	0.038	0.237	0.165	0.242	0.037	0.227	0.037	0.226	Spectrum Read#7
H	0.083	0.259	0.036	0.040	0.104	0.370	0.056	0.043	0.099	0.068	0.187	0.068	Spectrum Read#7

Spectrum
Wavelength 8 (620 nm)
	1	2	3	4	5	6	7	8	9	10	11	12
A	0.037	0.036	0.062	0.110	0.101	0.044	0.044	0.036	0.397	0.038	0.038	0.042	Spectrum Read#8
B	0.073	0.039	0.221	0.042	0.218	0.036	0.218	0.036	0.212	0.037	0.211	0.053	Spectrum Read#8
C	0.036	0.211	0.039	0.193	0.040	0.210	0.037	0.218	0.040	0.203	0.041	0.035	Spectrum Read#8
D	0.037	0.038	0.200	0.039	0.216	0.037	0.214	0.037	0.208	0.038	0.200	0.035	Spectrum Read#8
E	0.035	0.206	0.038	0.200	0.037	0.167	0.036	0.087	0.037	0.201	0.037	0.077	Spectrum Read#8
F	0.043	0.036	0.067	0.036	0.068	0.042	0.065	0.037	0.066	0.037	0.065	0.141	Spectrum Read#8
G	0.035	0.182	0.036	0.072	0.038	0.190	0.066	0.197	0.037	0.173	0.036	0.223	Spectrum Read#8
H	0.082	0.257	0.035	0.039	0.103	0.368	0.054	0.043	0.096	0.065	0.186	0.067	Spectrum Read#8

Spectrum
Wavelength 9 (650 nm)
	1	2	3	4	5	6	7	8	9	10	11	12
A	0.036	0.035	0.061	0.110	0.100	0.043	0.043	0.035	0.395	0.037	0.037	0.041	Spectrum Read#9
B	0.072	0.038	0.296	0.041	0.289	0.035	0.289	0.036	0.277	0.036	0.276	0.052	Spectrum Read#9
C	0.035	0.277	0.039	0.245	0.039	0.277	0.037	0.289	0.040	0.262	0.041	0.034	Spectrum Read#9
D	0.036	0.037	0.259	0.039	0.286	0.036	0.284	0.036	0.272	0.038	0.258	0.034	Spectrum Read#9
E	0.034	0.268	0.038	0.260	0.037	0.200	0.036	0.069	0.036	0.260	0.037	0.077	Spectrum Read#9
F	0.043	0.035	0.049	0.035	0.049	0.042	0.046	0.037	0.047	0.037	0.047	0.140	Spectrum Read#9
G	0.034	0.225	0.035	0.052	0.036	0.241	0.047	0.251	0.036	0.213	0.035	0.220	Spectrum Read#9
H	0.081	0.255	0.034	0.038	0.102	0.364	0.052	0.043	0.094	0.063	0.184	0.067	Spectrum Read#9

Spectrum
Wavelength 10 (680 nm)
	1	2	3	4	5	6	7	8	9	10	11	12
A	0.035	0.035	0.061	0.109	0.098	0.042	0.042	0.034	0.392	0.036	0.036	0.040	Spectrum Read#10
B	0.071	0.037	0.110	0.040	0.108	0.035	0.109	0.035	0.105	0.035	0.105	0.050	Spectrum Read#10
C	0.033	0.106	0.038	0.098	0.038	0.105	0.035	0.109	0.039	0.103	0.040	0.033	Spectrum Read#10
D	0.034	0.037	0.102	0.039	0.108	0.035	0.106	0.036	0.105	0.038	0.102	0.033	Spectrum Read#10
E	0.033	0.104	0.038	0.101	0.035	0.086	0.035	0.048	0.035	0.102	0.036	0.076	Spectrum Read#10
F	0.042	0.035	0.043	0.035	0.042	0.041	0.041	0.035	0.041	0.037	0.040	0.138	Spectrum Read#10
G	0.033	0.092	0.034	0.044	0.035	0.095	0.041	0.099	0.035	0.089	0.034	0.217	Spectrum Read#10
H	0.079	0.251	0.033	0.036	0.101	0.358	0.050	0.042	0.092	0.060	0.181	0.066	Spectrum Read#10

