Spectrum
Wavelength 1 (410 nm)
	1	2	3	4	5	6	7	8	9	10	11	12
A	0.059	0.054	0.052	0.049	0.066	0.168	0.057	0.053	0.052	0.087	0.063	0.133	Spectrum Read#1
B	0.098	0.045	0.238	0.044	0.238	0.043	0.236	0.042	0.232	0.044	0.233	0.085	Spectrum Read#1
C	0.058	0.237	0.044	0.229	0.043	0.232	0.043	0.235	0.043	0.232	0.045	0.094	Spectrum Read#1
D	0.053	0.043	0.226	0.046	0.232	0.044	0.236	0.045	0.237	0.043	0.234	0.154	Spectrum Read#1
E	0.054	0.230	0.042	0.230	0.042	0.228	0.043	0.228	0.043	0.232	0.048	0.210	Spectrum Read#1
F	0.066	0.071	0.227	0.043	0.227	0.043	0.227	0.043	0.228	0.043	0.226	0.052	Spectrum Read#1
G	0.060	0.242	0.043	0.228	0.043	0.228	0.227	0.230	0.049	0.224	0.043	0.051	Spectrum Read#1
H	0.054	0.347	0.081	0.056	0.056	0.492	0.168	0.110	0.053	0.062	0.221	0.070	Spectrum Read#1

Spectrum
Wavelength 2 (440 nm)
	1	2	3	4	5	6	7	8	9	10	11	12
A	0.051	0.046	0.045	0.047	0.058	0.159	0.049	0.045	0.044	0.079	0.055	0.125	Spectrum Read#2
B	0.088	0.042	0.227	0.041	0.227	0.040	0.226	0.040	0.222	0.042	0.223	0.078	Spectrum Read#2
C	0.050	0.226	0.041	0.220	0.040	0.222	0.040	0.224	0.041	0.221	0.042	0.086	Spectrum Read#2
D	0.046	0.041	0.216	0.043	0.221	0.041	0.225	0.042	0.225	0.041	0.224	0.144	Spectrum Read#2
E	0.046	0.219	0.040	0.220	0.039	0.217	0.040	0.218	0.040	0.221	0.044	0.199	Spectrum Read#2
F	0.058	0.068	0.217	0.040	0.229	0.041	0.217	0.039	0.230	0.040	0.228	0.044	Spectrum Read#2
G	0.053	0.231	0.039	0.216	0.040	0.217	0.229	0.220	0.046	0.214	0.040	0.044	Spectrum Read#2
H	0.046	0.333	0.073	0.048	0.048	0.475	0.159	0.102	0.045	0.055	0.211	0.063	Spectrum Read#2

Spectrum
Wavelength 3 (470 nm)
	1	2	3	4	5	6	7	8	9	10	11	12
A	0.047	0.043	0.041	0.046	0.054	0.154	0.044	0.041	0.040	0.076	0.051	0.122	Spectrum Read#3
B	0.084	0.040	0.227	0.040	0.227	0.038	0.230	0.038	0.226	0.040	0.227	0.075	Spectrum Read#3
C	0.047	0.221	0.039	0.230	0.038	0.225	0.038	0.227	0.039	0.222	0.040	0.084	Spectrum Read#3
D	0.044	0.039	0.220	0.041	0.226	0.039	0.228	0.040	0.225	0.040	0.228	0.141	Spectrum Read#3
E	0.041	0.222	0.039	0.230	0.039	0.221	0.038	0.222	0.038	0.224	0.042	0.193	Spectrum Read#3
F	0.054	0.066	0.221	0.037	0.262	0.039	0.221	0.039	0.262	0.039	0.260	0.041	Spectrum Read#3
G	0.049	0.231	0.038	0.221	0.038	0.221	0.262	0.222	0.045	0.221	0.038	0.040	Spectrum Read#3
H	0.042	0.324	0.070	0.044	0.044	0.468	0.153	0.099	0.042	0.050	0.208	0.060	Spectrum Read#3

Spectrum
Wavelength 4 (500 nm)
	1	2	3	4	5	6	7	8	9	10	11	12
A	0.046	0.041	0.040	0.046	0.052	0.151	0.043	0.040	0.038	0.076	0.050	0.121	Spectrum Read#4
B	0.083	0.041	0.260	0.039	0.261	0.037	0.269	0.038	0.264	0.040	0.267	0.074	Spectrum Read#4
C	0.047	0.246	0.038	0.277	0.037	0.263	0.037	0.265	0.038	0.257	0.039	0.083	Spectrum Read#4
D	0.042	0.038	0.258	0.042	0.267	0.038	0.267	0.040	0.258	0.038	0.266	0.137	Spectrum Read#4
E	0.039	0.262	0.038	0.278	0.038	0.260	0.037	0.258	0.037	0.259	0.041	0.188	Spectrum Read#4
F	0.053	0.065	0.258	0.037	0.329	0.038	0.260	0.037	0.332	0.038	0.329	0.039	Spectrum Read#4
G	0.047	0.265	0.037	0.260	0.037	0.259	0.330	0.258	0.044	0.262	0.038	0.038	Spectrum Read#4
H	0.040	0.318	0.069	0.043	0.042	0.456	0.150	0.097	0.041	0.048	0.205	0.058	Spectrum Read#4

Spectrum
Wavelength 5 (530 nm)
	1	2	3	4	5	6	7	8	9	10	11	12
A	0.044	0.040	0.039	0.046	0.051	0.149	0.041	0.038	0.037	0.076	0.050	0.121	Spectrum Read#5
B	0.083	0.041	0.295	0.039	0.296	0.037	0.308	0.038	0.301	0.039	0.306	0.074	Spectrum Read#5
C	0.047	0.277	0.038	0.321	0.037	0.301	0.037	0.303	0.038	0.294	0.038	0.083	Spectrum Read#5
D	0.041	0.037	0.295	0.041	0.307	0.038	0.306	0.039	0.292	0.038	0.303	0.135	Spectrum Read#5
E	0.038	0.301	0.037	0.321	0.037	0.298	0.037	0.297	0.038	0.296	0.041	0.187	Spectrum Read#5
F	0.052	0.064	0.296	0.038	0.381	0.038	0.299	0.037	0.386	0.038	0.382	0.038	Spectrum Read#5
G	0.045	0.300	0.037	0.298	0.037	0.298	0.383	0.295	0.043	0.301	0.038	0.037	Spectrum Read#5
H	0.039	0.316	0.067	0.042	0.042	0.451	0.151	0.097	0.041	0.048	0.203	0.057	Spectrum Read#5

Spectrum
Wavelength 6 (560 nm)
	1	2	3	4	5	6	7	8	9	10	11	12
A	0.044	0.040	0.038	0.046	0.050	0.145	0.040	0.038	0.037	0.075	0.050	0.119	Spectrum Read#6
B	0.081	0.040	0.291	0.039	0.293	0.037	0.299	0.038	0.292	0.039	0.297	0.072	Spectrum Read#6
C	0.047	0.281	0.039	0.306	0.037	0.294	0.037	0.296	0.038	0.289	0.038	0.080	Spectrum Read#6
D	0.040	0.038	0.288	0.041	0.297	0.038	0.297	0.039	0.289	0.037	0.294	0.132	Spectrum Read#6
E	0.037	0.294	0.037	0.305	0.037	0.291	0.037	0.291	0.038	0.290	0.041	0.184	Spectrum Read#6
F	0.052	0.064	0.290	0.038	0.327	0.038	0.291	0.037	0.331	0.038	0.328	0.038	Spectrum Read#6
G	0.045	0.295	0.037	0.290	0.037	0.291	0.329	0.290	0.044	0.290	0.038	0.037	Spectrum Read#6
H	0.039	0.311	0.067	0.042	0.043	0.447	0.149	0.097	0.040	0.048	0.199	0.057	Spectrum Read#6

Spectrum
Wavelength 7 (590 nm)
	1	2	3	4	5	6	7	8	9	10	11	12
A	0.043	0.040	0.038	0.045	0.049	0.143	0.040	0.037	0.037	0.075	0.050	0.119	Spectrum Read#7
B	0.081	0.040	0.261	0.038	0.262	0.037	0.251	0.037	0.248	0.038	0.249	0.070	Spectrum Read#7
C	0.045	0.271	0.039	0.237	0.037	0.250	0.037	0.253	0.038	0.254	0.039	0.079	Spectrum Read#7
D	0.039	0.038	0.245	0.040	0.245	0.038	0.250	0.038	0.261	0.038	0.250	0.128	Spectrum Read#7
E	0.036	0.247	0.037	0.233	0.037	0.245	0.036	0.248	0.038	0.250	0.041	0.182	Spectrum Read#7
F	0.051	0.062	0.247	0.037	0.166	0.037	0.244	0.038	0.166	0.038	0.165	0.037	Spectrum Read#7
G	0.045	0.260	0.037	0.245	0.038	0.247	0.165	0.251	0.044	0.237	0.037	0.036	Spectrum Read#7
H	0.038	0.307	0.066	0.041	0.042	0.444	0.144	0.098	0.039	0.047	0.195	0.056	Spectrum Read#7

Spectrum
Wavelength 8 (620 nm)
	1	2	3	4	5	6	7	8	9	10	11	12
A	0.043	0.039	0.037	0.045	0.048	0.140	0.038	0.036	0.035	0.075	0.050	0.118	Spectrum Read#8
B	0.080	0.040	0.224	0.037	0.225	0.036	0.206	0.037	0.205	0.038	0.205	0.068	Spectrum Read#8
C	0.044	0.245	0.039	0.183	0.037	0.208	0.036	0.211	0.038	0.215	0.039	0.076	Spectrum Read#8
D	0.037	0.038	0.204	0.039	0.200	0.037	0.206	0.037	0.226	0.038	0.208	0.126	Spectrum Read#8
E	0.035	0.204	0.038	0.178	0.037	0.202	0.036	0.207	0.037	0.211	0.041	0.181	Spectrum Read#8
F	0.050	0.060	0.205	0.036	0.067	0.037	0.201	0.037	0.065	0.038	0.065	0.037	Spectrum Read#8
G	0.044	0.223	0.036	0.203	0.037	0.204	0.066	0.211	0.044	0.191	0.037	0.035	Spectrum Read#8
H	0.037	0.305	0.064	0.040	0.042	0.441	0.141	0.099	0.037	0.047	0.193	0.055	Spectrum Read#8

Spectrum
Wavelength 9 (650 nm)
	1	2	3	4	5	6	7	8	9	10	11	12
A	0.042	0.039	0.037	0.044	0.047	0.138	0.038	0.036	0.035	0.074	0.050	0.117	Spectrum Read#9
B	0.080	0.039	0.298	0.037	0.300	0.036	0.267	0.036	0.265	0.037	0.262	0.066	Spectrum Read#9
C	0.043	0.336	0.039	0.225	0.037	0.271	0.036	0.275	0.038	0.284	0.039	0.074	Spectrum Read#9
D	0.036	0.038	0.268	0.038	0.256	0.037	0.266	0.037	0.301	0.038	0.270	0.124	Spectrum Read#9
E	0.035	0.264	0.038	0.216	0.037	0.262	0.036	0.271	0.036	0.276	0.040	0.180	Spectrum Read#9
F	0.050	0.058	0.270	0.035	0.049	0.037	0.261	0.037	0.047	0.038	0.047	0.036	Spectrum Read#9
G	0.044	0.291	0.035	0.263	0.036	0.267	0.047	0.278	0.043	0.243	0.036	0.035	Spectrum Read#9
H	0.036	0.302	0.063	0.040	0.042	0.435	0.139	0.099	0.036	0.047	0.190	0.055	Spectrum Read#9

Spectrum
Wavelength 10 (680 nm)
	1	2	3	4	5	6	7	8	9	10	11	12
A	0.041	0.038	0.036	0.044	0.046	0.135	0.037	0.035	0.034	0.073	0.049	0.115	Spectrum Read#10
B	0.078	0.038	0.112	0.036	0.111	0.035	0.104	0.035	0.103	0.036	0.102	0.063	Spectrum Read#10
C	0.041	0.121	0.038	0.095	0.036	0.104	0.035	0.107	0.038	0.108	0.038	0.072	Spectrum Read#10
D	0.035	0.038	0.104	0.038	0.101	0.036	0.106	0.037	0.114	0.038	0.107	0.121	Spectrum Read#10
E	0.034	0.103	0.038	0.093	0.036	0.102	0.035	0.104	0.035	0.107	0.039	0.178	Spectrum Read#10
F	0.050	0.056	0.105	0.035	0.042	0.036	0.102	0.036	0.041	0.037	0.041	0.036	Spectrum Read#10
G	0.043	0.111	0.035	0.102	0.035	0.103	0.041	0.106	0.042	0.098	0.035	0.034	Spectrum Read#10
H	0.036	0.300	0.062	0.038	0.041	0.428	0.137	0.097	0.035	0.046	0.186	0.054	Spectrum Read#10

