Spectrum
Wavelength 1 (410 nm)
	1	2	3	4	5	6	7	8	9	10	11	12
A	0.150	0.064	0.051	0.051	0.139	0.054	0.068	0.227	0.469	0.074	0.157	0.045	Spectrum Read#1
B	0.167	0.044	0.235	0.045	0.235	0.046	0.230	0.043	0.228	0.045	0.222	0.129	Spectrum Read#1
C	0.146	0.232	0.044	0.227	0.046	0.222	0.044	0.229	0.043	0.225	0.110	0.065	Spectrum Read#1
D	0.164	0.045	0.228	0.043	0.231	0.045	0.232	0.043	0.230	0.043	0.232	0.072	Spectrum Read#1
E	0.072	0.226	0.043	0.224	0.045	0.231	0.043	0.230	0.043	0.226	0.044	0.113	Spectrum Read#1
F	0.112	0.043	0.230	0.044	0.231	0.043	0.229	0.043	0.231	0.044	0.218	0.069	Spectrum Read#1
G	0.553	0.228	0.045	0.224	0.045	0.228	0.253	0.220	0.043	0.228	0.043	0.125	Spectrum Read#1
H	0.056	0.110	0.136	0.057	0.135	0.140	0.053	0.086	0.094	0.164	0.052	0.137	Spectrum Read#1

Spectrum
Wavelength 2 (440 nm)
	1	2	3	4	5	6	7	8	9	10	11	12
A	0.139	0.056	0.043	0.043	0.128	0.046	0.059	0.217	0.453	0.066	0.146	0.041	Spectrum Read#2
B	0.157	0.041	0.223	0.041	0.224	0.042	0.219	0.040	0.218	0.042	0.212	0.122	Spectrum Read#2
C	0.136	0.221	0.040	0.217	0.043	0.211	0.040	0.218	0.040	0.214	0.102	0.058	Spectrum Read#2
D	0.155	0.042	0.218	0.040	0.219	0.041	0.221	0.039	0.218	0.040	0.221	0.065	Spectrum Read#2
E	0.065	0.214	0.040	0.213	0.042	0.220	0.040	0.219	0.040	0.215	0.040	0.112	Spectrum Read#2
F	0.104	0.039	0.219	0.041	0.233	0.040	0.218	0.039	0.232	0.041	0.219	0.062	Spectrum Read#2
G	0.535	0.217	0.042	0.213	0.042	0.216	0.255	0.209	0.039	0.216	0.039	0.123	Spectrum Read#2
H	0.048	0.099	0.128	0.050	0.125	0.132	0.045	0.077	0.088	0.159	0.044	0.129	Spectrum Read#2

Spectrum
Wavelength 3 (470 nm)
	1	2	3	4	5	6	7	8	9	10	11	12
A	0.132	0.052	0.040	0.040	0.120	0.043	0.055	0.214	0.446	0.064	0.142	0.039	Spectrum Read#3
B	0.151	0.040	0.223	0.040	0.225	0.041	0.218	0.038	0.221	0.041	0.214	0.117	Spectrum Read#3
C	0.132	0.222	0.038	0.226	0.041	0.213	0.039	0.221	0.038	0.216	0.095	0.056	Spectrum Read#3
D	0.152	0.040	0.226	0.039	0.221	0.040	0.220	0.038	0.219	0.039	0.226	0.061	Spectrum Read#3
E	0.062	0.214	0.039	0.224	0.041	0.219	0.038	0.216	0.038	0.221	0.038	0.110	Spectrum Read#3
F	0.101	0.038	0.218	0.038	0.267	0.039	0.220	0.039	0.264	0.040	0.250	0.058	Spectrum Read#3
G	0.525	0.217	0.040	0.217	0.041	0.216	0.287	0.206	0.038	0.217	0.038	0.121	Spectrum Read#3
H	0.044	0.095	0.126	0.047	0.119	0.129	0.041	0.074	0.085	0.153	0.041	0.125	Spectrum Read#3

Spectrum
Wavelength 4 (500 nm)
	1	2	3	4	5	6	7	8	9	10	11	12
A	0.127	0.050	0.038	0.038	0.115	0.040	0.053	0.211	0.440	0.062	0.140	0.038	Spectrum Read#4
B	0.147	0.039	0.254	0.040	0.260	0.040	0.249	0.038	0.258	0.040	0.246	0.114	Spectrum Read#4
C	0.129	0.256	0.038	0.270	0.040	0.247	0.038	0.258	0.037	0.250	0.089	0.054	Spectrum Read#4
D	0.150	0.038	0.269	0.039	0.256	0.039	0.253	0.037	0.253	0.038	0.264	0.058	Spectrum Read#4
E	0.059	0.246	0.038	0.273	0.040	0.250	0.037	0.243	0.037	0.260	0.037	0.109	Spectrum Read#4
F	0.099	0.037	0.248	0.038	0.335	0.038	0.256	0.037	0.334	0.038	0.315	0.056	Spectrum Read#4
G	0.516	0.250	0.039	0.254	0.039	0.247	0.355	0.232	0.037	0.251	0.037	0.120	Spectrum Read#4
H	0.042	0.092	0.123	0.047	0.115	0.125	0.039	0.072	0.080	0.149	0.039	0.123	Spectrum Read#4

Spectrum
Wavelength 5 (530 nm)
	1	2	3	4	5	6	7	8	9	10	11	12
A	0.122	0.050	0.038	0.037	0.110	0.039	0.052	0.210	0.437	0.062	0.140	0.038	Spectrum Read#5
B	0.146	0.039	0.288	0.039	0.296	0.039	0.282	0.038	0.294	0.040	0.280	0.111	Spectrum Read#5
C	0.129	0.292	0.038	0.313	0.039	0.283	0.038	0.295	0.037	0.285	0.085	0.053	Spectrum Read#5
D	0.150	0.038	0.310	0.038	0.292	0.038	0.288	0.037	0.288	0.037	0.302	0.057	Spectrum Read#5
E	0.058	0.281	0.037	0.317	0.039	0.284	0.037	0.276	0.038	0.299	0.038	0.108	Spectrum Read#5
F	0.098	0.037	0.282	0.039	0.388	0.037	0.294	0.037	0.388	0.038	0.366	0.055	Spectrum Read#5
G	0.511	0.284	0.039	0.291	0.039	0.281	0.408	0.262	0.036	0.287	0.037	0.119	Spectrum Read#5
H	0.040	0.091	0.122	0.048	0.114	0.123	0.038	0.072	0.077	0.145	0.038	0.123	Spectrum Read#5

Spectrum
Wavelength 6 (560 nm)
	1	2	3	4	5	6	7	8	9	10	11	12
A	0.120	0.050	0.037	0.037	0.108	0.039	0.051	0.207	0.432	0.062	0.138	0.038	Spectrum Read#6
B	0.145	0.040	0.285	0.039	0.292	0.039	0.280	0.038	0.286	0.039	0.275	0.110	Spectrum Read#6
C	0.128	0.288	0.039	0.300	0.040	0.278	0.038	0.289	0.037	0.281	0.082	0.052	Spectrum Read#6
D	0.148	0.039	0.298	0.038	0.288	0.038	0.286	0.037	0.284	0.037	0.294	0.055	Spectrum Read#6
E	0.057	0.279	0.037	0.301	0.039	0.283	0.037	0.278	0.038	0.290	0.038	0.110	Spectrum Read#6
F	0.098	0.037	0.283	0.039	0.333	0.037	0.289	0.037	0.333	0.038	0.314	0.054	Spectrum Read#6
G	0.504	0.280	0.040	0.285	0.040	0.280	0.354	0.265	0.037	0.283	0.037	0.122	Spectrum Read#6
H	0.040	0.089	0.120	0.048	0.113	0.122	0.038	0.072	0.073	0.146	0.038	0.122	Spectrum Read#6

Spectrum
Wavelength 7 (590 nm)
	1	2	3	4	5	6	7	8	9	10	11	12
A	0.118	0.050	0.037	0.036	0.106	0.038	0.050	0.205	0.427	0.062	0.137	0.037	Spectrum Read#7
B	0.143	0.039	0.257	0.039	0.257	0.039	0.253	0.037	0.244	0.039	0.242	0.107	Spectrum Read#7
C	0.126	0.255	0.039	0.237	0.040	0.241	0.037	0.249	0.037	0.245	0.079	0.050	Spectrum Read#7
D	0.146	0.039	0.240	0.037	0.254	0.038	0.258	0.037	0.253	0.037	0.248	0.053	Spectrum Read#7
E	0.055	0.251	0.037	0.228	0.040	0.258	0.037	0.262	0.038	0.240	0.038	0.110	Spectrum Read#7
F	0.096	0.037	0.260	0.038	0.170	0.037	0.250	0.038	0.168	0.038	0.159	0.054	Spectrum Read#7
G	0.497	0.248	0.039	0.244	0.040	0.254	0.190	0.251	0.037	0.251	0.037	0.122	Spectrum Read#7
H	0.040	0.087	0.116	0.046	0.111	0.120	0.038	0.073	0.071	0.145	0.037	0.122	Spectrum Read#7

Spectrum
Wavelength 8 (620 nm)
	1	2	3	4	5	6	7	8	9	10	11	12
A	0.114	0.050	0.036	0.035	0.102	0.037	0.049	0.204	0.425	0.061	0.136	0.036	Spectrum Read#8
B	0.142	0.038	0.222	0.037	0.219	0.038	0.219	0.036	0.203	0.037	0.206	0.103	Spectrum Read#8
C	0.125	0.217	0.039	0.187	0.040	0.203	0.037	0.209	0.037	0.207	0.076	0.048	Spectrum Read#8
D	0.144	0.039	0.191	0.036	0.216	0.037	0.222	0.036	0.217	0.037	0.206	0.052	Spectrum Read#8
E	0.054	0.216	0.037	0.172	0.039	0.224	0.036	0.232	0.036	0.196	0.038	0.109	Spectrum Read#8
F	0.096	0.036	0.228	0.037	0.070	0.036	0.210	0.038	0.068	0.038	0.064	0.053	Spectrum Read#8
G	0.494	0.212	0.038	0.203	0.039	0.220	0.090	0.223	0.037	0.214	0.036	0.120	Spectrum Read#8
H	0.038	0.086	0.114	0.045	0.112	0.119	0.036	0.073	0.068	0.142	0.035	0.120	Spectrum Read#8

Spectrum
Wavelength 9 (650 nm)
	1	2	3	4	5	6	7	8	9	10	11	12
A	0.112	0.050	0.036	0.035	0.099	0.036	0.048	0.202	0.423	0.061	0.136	0.036	Spectrum Read#9
B	0.142	0.037	0.295	0.037	0.290	0.037	0.292	0.036	0.264	0.037	0.270	0.100	Spectrum Read#9
C	0.123	0.288	0.038	0.233	0.039	0.268	0.036	0.274	0.037	0.272	0.074	0.046	Spectrum Read#9
D	0.142	0.039	0.243	0.036	0.287	0.036	0.299	0.035	0.290	0.037	0.268	0.051	Spectrum Read#9
E	0.052	0.290	0.038	0.209	0.039	0.301	0.036	0.317	0.035	0.253	0.037	0.108	Spectrum Read#9
F	0.095	0.035	0.309	0.036	0.051	0.037	0.277	0.037	0.048	0.038	0.046	0.052	Spectrum Read#9
G	0.490	0.281	0.038	0.266	0.038	0.298	0.071	0.305	0.036	0.286	0.035	0.120	Spectrum Read#9
H	0.038	0.084	0.112	0.043	0.111	0.118	0.035	0.073	0.066	0.140	0.035	0.119	Spectrum Read#9

Spectrum
Wavelength 10 (680 nm)
	1	2	3	4	5	6	7	8	9	10	11	12
A	0.108	0.049	0.035	0.034	0.097	0.035	0.046	0.200	0.419	0.060	0.134	0.035	Spectrum Read#10
B	0.140	0.037	0.111	0.036	0.108	0.037	0.108	0.035	0.101	0.036	0.103	0.097	Spectrum Read#10
C	0.121	0.109	0.037	0.096	0.038	0.101	0.036	0.105	0.037	0.104	0.071	0.044	Spectrum Read#10
D	0.140	0.038	0.098	0.036	0.108	0.036	0.110	0.035	0.109	0.037	0.104	0.049	Spectrum Read#10
E	0.051	0.108	0.037	0.089	0.037	0.111	0.035	0.114	0.035	0.100	0.036	0.109	Spectrum Read#10
F	0.094	0.034	0.114	0.035	0.044	0.036	0.105	0.035	0.043	0.038	0.040	0.052	Spectrum Read#10
G	0.486	0.105	0.037	0.102	0.037	0.109	0.065	0.110	0.035	0.107	0.034	0.120	Spectrum Read#10
H	0.037	0.082	0.109	0.040	0.110	0.115	0.034	0.071	0.063	0.140	0.034	0.117	Spectrum Read#10

