Spectrum
Wavelength 1 (410 nm)
	1	2	3	4	5	6	7	8	9	10	11	12
A	0.051	0.254	0.174	0.051	0.051	0.079	0.100	0.597	0.050	0.051	0.049	0.480	Spectrum Read#1
B	0.052	0.043	0.233	0.043	0.234	0.043	0.232	0.043	0.239	0.043	0.239	0.051	Spectrum Read#1
C	0.216	0.233	0.047	0.224	0.060	0.231	0.043	0.236	0.043	0.230	0.044	0.323	Spectrum Read#1
D	0.060	0.044	0.229	0.048	0.226	0.044	0.233	0.043	0.233	0.042	0.235	0.163	Spectrum Read#1
E	0.335	0.232	0.043	0.228	0.043	0.230	0.047	0.234	0.043	0.233	0.044	0.065	Spectrum Read#1
F	0.536	0.045	0.234	0.043	0.229	0.043	0.230	0.042	0.231	0.043	0.227	0.058	Spectrum Read#1
G	0.156	0.236	0.043	0.232	0.042	0.232	0.228	0.231	0.043	0.228	0.043	0.051	Spectrum Read#1
H	0.052	0.117	0.058	0.079	0.267	0.231	0.123	0.102	0.171	0.118	0.051	0.268	Spectrum Read#1

Spectrum
Wavelength 2 (440 nm)
	1	2	3	4	5	6	7	8	9	10	11	12
A	0.044	0.246	0.168	0.044	0.044	0.072	0.091	0.579	0.043	0.044	0.044	0.468	Spectrum Read#2
B	0.044	0.040	0.222	0.040	0.223	0.040	0.221	0.040	0.229	0.040	0.229	0.044	Spectrum Read#2
C	0.206	0.223	0.044	0.215	0.057	0.220	0.040	0.226	0.040	0.220	0.042	0.314	Spectrum Read#2
D	0.054	0.041	0.219	0.044	0.215	0.041	0.223	0.040	0.222	0.040	0.225	0.157	Spectrum Read#2
E	0.324	0.220	0.041	0.218	0.040	0.220	0.044	0.225	0.041	0.223	0.041	0.057	Spectrum Read#2
F	0.518	0.042	0.224	0.040	0.231	0.040	0.219	0.040	0.232	0.040	0.228	0.051	Spectrum Read#2
G	0.146	0.225	0.040	0.221	0.040	0.221	0.230	0.222	0.040	0.217	0.040	0.046	Spectrum Read#2
H	0.044	0.116	0.051	0.071	0.254	0.219	0.116	0.102	0.166	0.111	0.044	0.260	Spectrum Read#2

Spectrum
Wavelength 3 (470 nm)
	1	2	3	4	5	6	7	8	9	10	11	12
A	0.040	0.241	0.165	0.041	0.040	0.069	0.083	0.569	0.040	0.041	0.041	0.461	Spectrum Read#3
B	0.040	0.039	0.224	0.039	0.225	0.038	0.221	0.038	0.230	0.039	0.231	0.041	Spectrum Read#3
C	0.204	0.226	0.041	0.227	0.054	0.222	0.038	0.229	0.039	0.222	0.040	0.309	Spectrum Read#3
D	0.051	0.039	0.224	0.043	0.219	0.039	0.226	0.038	0.225	0.039	0.230	0.155	Spectrum Read#3
E	0.318	0.220	0.041	0.226	0.039	0.225	0.043	0.229	0.038	0.228	0.039	0.054	Spectrum Read#3
F	0.510	0.040	0.228	0.038	0.265	0.039	0.223	0.039	0.265	0.039	0.261	0.048	Spectrum Read#3
G	0.142	0.227	0.038	0.226	0.039	0.221	0.263	0.225	0.039	0.215	0.038	0.043	Spectrum Read#3
H	0.040	0.115	0.047	0.069	0.244	0.217	0.112	0.100	0.161	0.102	0.041	0.252	Spectrum Read#3

Spectrum
Wavelength 4 (500 nm)
	1	2	3	4	5	6	7	8	9	10	11	12
A	0.038	0.238	0.164	0.039	0.038	0.067	0.079	0.560	0.038	0.040	0.039	0.456	Spectrum Read#4
B	0.039	0.038	0.260	0.039	0.261	0.038	0.252	0.038	0.264	0.039	0.267	0.039	Spectrum Read#4
C	0.203	0.264	0.041	0.277	0.052	0.256	0.038	0.268	0.038	0.258	0.038	0.302	Spectrum Read#4
D	0.050	0.038	0.262	0.043	0.256	0.039	0.265	0.038	0.262	0.038	0.270	0.151	Spectrum Read#4
E	0.311	0.253	0.040	0.273	0.038	0.266	0.042	0.269	0.038	0.268	0.038	0.052	Spectrum Read#4
F	0.503	0.040	0.266	0.038	0.334	0.038	0.261	0.037	0.337	0.038	0.330	0.046	Spectrum Read#4
G	0.139	0.266	0.037	0.266	0.037	0.252	0.332	0.261	0.037	0.244	0.038	0.041	Spectrum Read#4
H	0.038	0.115	0.045	0.068	0.238	0.212	0.109	0.101	0.158	0.096	0.039	0.247	Spectrum Read#4

Spectrum
Wavelength 5 (530 nm)
	1	2	3	4	5	6	7	8	9	10	11	12
A	0.037	0.238	0.165	0.038	0.037	0.067	0.075	0.557	0.037	0.038	0.038	0.454	Spectrum Read#5
B	0.038	0.039	0.297	0.038	0.298	0.037	0.286	0.038	0.300	0.038	0.305	0.038	Spectrum Read#5
C	0.204	0.303	0.041	0.323	0.051	0.293	0.037	0.307	0.037	0.296	0.038	0.297	Spectrum Read#5
D	0.049	0.037	0.300	0.042	0.294	0.038	0.304	0.038	0.300	0.037	0.309	0.150	Spectrum Read#5
E	0.308	0.289	0.039	0.317	0.037	0.306	0.042	0.309	0.039	0.307	0.038	0.051	Spectrum Read#5
F	0.500	0.039	0.306	0.038	0.388	0.037	0.300	0.037	0.392	0.037	0.384	0.044	Spectrum Read#5
G	0.139	0.304	0.037	0.305	0.037	0.286	0.386	0.299	0.037	0.276	0.037	0.039	Spectrum Read#5
H	0.037	0.115	0.044	0.067	0.234	0.207	0.106	0.100	0.152	0.091	0.038	0.242	Spectrum Read#5

Spectrum
Wavelength 6 (560 nm)
	1	2	3	4	5	6	7	8	9	10	11	12
A	0.037	0.235	0.163	0.038	0.036	0.065	0.073	0.546	0.037	0.038	0.038	0.449	Spectrum Read#6
B	0.038	0.039	0.293	0.038	0.294	0.037	0.284	0.037	0.297	0.038	0.300	0.038	Spectrum Read#6
C	0.201	0.298	0.041	0.307	0.051	0.289	0.037	0.300	0.038	0.291	0.038	0.292	Spectrum Read#6
D	0.048	0.038	0.293	0.042	0.287	0.038	0.298	0.038	0.294	0.037	0.300	0.145	Spectrum Read#6
E	0.302	0.288	0.039	0.302	0.038	0.297	0.041	0.301	0.039	0.299	0.038	0.051	Spectrum Read#6
F	0.493	0.039	0.299	0.038	0.333	0.037	0.293	0.037	0.336	0.037	0.330	0.044	Spectrum Read#6
G	0.136	0.297	0.037	0.298	0.038	0.285	0.332	0.293	0.037	0.277	0.037	0.039	Spectrum Read#6
H	0.037	0.116	0.044	0.065	0.232	0.205	0.107	0.102	0.153	0.089	0.037	0.241	Spectrum Read#6

Spectrum
Wavelength 7 (590 nm)
	1	2	3	4	5	6	7	8	9	10	11	12
A	0.037	0.234	0.163	0.037	0.036	0.064	0.071	0.541	0.036	0.038	0.038	0.445	Spectrum Read#7
B	0.037	0.039	0.257	0.038	0.257	0.037	0.257	0.037	0.266	0.038	0.263	0.037	Spectrum Read#7
C	0.199	0.255	0.041	0.232	0.051	0.255	0.037	0.257	0.038	0.253	0.039	0.287	Spectrum Read#7
D	0.048	0.038	0.249	0.041	0.245	0.038	0.255	0.037	0.257	0.038	0.253	0.142	Spectrum Read#7
E	0.297	0.260	0.040	0.236	0.038	0.247	0.041	0.253	0.038	0.251	0.039	0.051	Spectrum Read#7
F	0.489	0.039	0.255	0.038	0.168	0.037	0.249	0.038	0.169	0.038	0.166	0.044	Spectrum Read#7
G	0.135	0.254	0.037	0.250	0.038	0.260	0.167	0.253	0.038	0.258	0.037	0.038	Spectrum Read#7
H	0.037	0.117	0.044	0.064	0.230	0.206	0.106	0.104	0.152	0.088	0.037	0.238	Spectrum Read#7

Spectrum
Wavelength 8 (620 nm)
	1	2	3	4	5	6	7	8	9	10	11	12
A	0.036	0.234	0.163	0.037	0.035	0.063	0.068	0.537	0.036	0.038	0.037	0.442	Spectrum Read#8
B	0.037	0.038	0.217	0.037	0.217	0.036	0.223	0.037	0.229	0.037	0.224	0.036	Spectrum Read#8
C	0.197	0.213	0.041	0.175	0.050	0.216	0.037	0.215	0.038	0.213	0.038	0.284	Spectrum Read#8
D	0.047	0.038	0.207	0.041	0.204	0.038	0.212	0.037	0.217	0.038	0.209	0.140	Spectrum Read#8
E	0.294	0.225	0.040	0.183	0.038	0.201	0.041	0.207	0.037	0.207	0.038	0.050	Spectrum Read#8
F	0.485	0.038	0.212	0.037	0.067	0.037	0.206	0.038	0.066	0.038	0.067	0.043	Spectrum Read#8
G	0.134	0.212	0.036	0.206	0.038	0.227	0.066	0.212	0.038	0.227	0.037	0.037	Spectrum Read#8
H	0.036	0.116	0.044	0.062	0.229	0.206	0.104	0.103	0.149	0.085	0.036	0.235	Spectrum Read#8

Spectrum
Wavelength 9 (650 nm)
	1	2	3	4	5	6	7	8	9	10	11	12
A	0.035	0.232	0.161	0.036	0.034	0.062	0.065	0.531	0.035	0.037	0.036	0.439	Spectrum Read#9
B	0.035	0.037	0.287	0.036	0.287	0.035	0.298	0.036	0.305	0.036	0.294	0.035	Spectrum Read#9
C	0.193	0.280	0.040	0.212	0.049	0.287	0.036	0.280	0.038	0.279	0.038	0.281	Spectrum Read#9
D	0.046	0.038	0.270	0.040	0.267	0.037	0.278	0.036	0.288	0.037	0.271	0.137	Spectrum Read#9
E	0.290	0.302	0.040	0.228	0.037	0.258	0.040	0.267	0.036	0.268	0.037	0.049	Spectrum Read#9
F	0.481	0.037	0.276	0.035	0.048	0.036	0.269	0.037	0.046	0.037	0.047	0.042	Spectrum Read#9
G	0.132	0.277	0.035	0.266	0.036	0.304	0.047	0.277	0.036	0.308	0.036	0.036	Spectrum Read#9
H	0.035	0.115	0.043	0.060	0.227	0.202	0.103	0.103	0.147	0.082	0.034	0.233	Spectrum Read#9

Spectrum
Wavelength 10 (680 nm)
	1	2	3	4	5	6	7	8	9	10	11	12
A	0.034	0.230	0.160	0.035	0.033	0.060	0.063	0.526	0.034	0.036	0.036	0.435	Spectrum Read#10
B	0.035	0.036	0.108	0.035	0.109	0.035	0.110	0.035	0.112	0.035	0.111	0.033	Spectrum Read#10
C	0.189	0.108	0.039	0.091	0.048	0.107	0.035	0.108	0.037	0.107	0.038	0.278	Spectrum Read#10
D	0.045	0.038	0.105	0.040	0.104	0.036	0.106	0.036	0.109	0.037	0.106	0.134	Spectrum Read#10
E	0.286	0.112	0.040	0.094	0.036	0.102	0.039	0.103	0.035	0.105	0.037	0.050	Spectrum Read#10
F	0.476	0.036	0.108	0.035	0.041	0.036	0.104	0.036	0.041	0.037	0.041	0.041	Spectrum Read#10
G	0.130	0.105	0.034	0.103	0.035	0.112	0.041	0.106	0.035	0.113	0.035	0.035	Spectrum Read#10
H	0.034	0.115	0.042	0.058	0.224	0.197	0.101	0.103	0.146	0.079	0.033	0.231	Spectrum Read#10

