Spectrum
Wavelength 1 (530 nm)
	1	2	3	4	5	6	7	8	9	10	11	12
A	0.313	0.037	0.332	0.038	0.328	0.039	0.304	0.052	0.315	0.037	0.306	0.036	Spectrum Read#1
B	0.038	0.330	0.036	0.339	0.036	0.314	0.037	0.325	0.036	0.309	0.036	0.313	Spectrum Read#1
C	0.319	0.037	0.332	0.036	0.313	0.037	0.318	0.039	0.320	0.036	0.326	0.036	Spectrum Read#1
D	0.036	0.323	0.036	0.334	0.046	0.304	0.055	0.311	0.036	0.305	0.036	0.304	Spectrum Read#1
E	0.318	0.036	0.344	0.036	0.324	0.047	0.320	0.036	0.326	0.036	0.319	0.036	Spectrum Read#1
F	0.037	0.317	0.036	0.315	0.037	0.316	0.037	0.310	0.067	0.305	0.036	0.310	Spectrum Read#1
G	0.295	0.037	0.315	0.038	0.318	0.037	0.325	0.039	0.304	0.043	0.311	0.036	Spectrum Read#1
H	0.037	0.305	0.038	0.327	0.036	0.306	0.039	0.320	0.036	0.306	0.037	0.290	Spectrum Read#1

Spectrum
Wavelength 2 (545 nm)
	1	2	3	4	5	6	7	8	9	10	11	12
A	0.315	0.037	0.332	0.038	0.328	0.039	0.307	0.052	0.316	0.037	0.309	0.036	Spectrum Read#2
B	0.038	0.330	0.036	0.338	0.036	0.316	0.037	0.325	0.036	0.311	0.036	0.314	Spectrum Read#2
C	0.321	0.037	0.332	0.036	0.316	0.037	0.319	0.039	0.321	0.036	0.326	0.036	Spectrum Read#2
D	0.036	0.324	0.036	0.333	0.047	0.307	0.055	0.313	0.036	0.307	0.036	0.306	Spectrum Read#2
E	0.321	0.036	0.342	0.036	0.325	0.046	0.321	0.036	0.326	0.036	0.320	0.036	Spectrum Read#2
F	0.036	0.319	0.036	0.316	0.037	0.318	0.037	0.312	0.065	0.308	0.036	0.312	Spectrum Read#2
G	0.299	0.037	0.316	0.038	0.319	0.037	0.326	0.039	0.307	0.043	0.313	0.036	Spectrum Read#2
H	0.037	0.307	0.039	0.327	0.037	0.308	0.039	0.320	0.036	0.308	0.038	0.294	Spectrum Read#2

Spectrum
Wavelength 3 (560 nm)
	1	2	3	4	5	6	7	8	9	10	11	12
A	0.308	0.036	0.320	0.038	0.316	0.038	0.303	0.050	0.308	0.036	0.304	0.035	Spectrum Read#3
B	0.037	0.318	0.035	0.324	0.035	0.310	0.036	0.313	0.035	0.306	0.035	0.307	Spectrum Read#3
C	0.312	0.036	0.319	0.035	0.308	0.036	0.309	0.038	0.310	0.036	0.314	0.035	Spectrum Read#3
D	0.035	0.314	0.035	0.319	0.046	0.303	0.053	0.306	0.035	0.302	0.035	0.301	Spectrum Read#3
E	0.313	0.035	0.325	0.036	0.313	0.045	0.310	0.035	0.315	0.035	0.309	0.035	Spectrum Read#3
F	0.036	0.309	0.035	0.307	0.036	0.309	0.036	0.304	0.064	0.303	0.036	0.303	Spectrum Read#3
G	0.294	0.036	0.308	0.038	0.309	0.036	0.312	0.038	0.301	0.042	0.304	0.035	Spectrum Read#3
H	0.036	0.300	0.038	0.312	0.036	0.301	0.038	0.309	0.035	0.302	0.037	0.290	Spectrum Read#3

Spectrum
Wavelength 4 (575 nm)
	1	2	3	4	5	6	7	8	9	10	11	12
A	0.282	0.037	0.286	0.038	0.283	0.038	0.280	0.050	0.280	0.036	0.280	0.035	Spectrum Read#4
B	0.037	0.285	0.036	0.288	0.035	0.284	0.036	0.281	0.036	0.282	0.036	0.280	Spectrum Read#4
C	0.284	0.036	0.283	0.036	0.281	0.036	0.279	0.038	0.278	0.036	0.281	0.035	Spectrum Read#4
D	0.036	0.283	0.035	0.282	0.046	0.279	0.053	0.280	0.035	0.278	0.035	0.276	Spectrum Read#4
E	0.284	0.036	0.285	0.036	0.281	0.045	0.279	0.036	0.282	0.036	0.278	0.036	Spectrum Read#4
F	0.036	0.277	0.036	0.278	0.036	0.279	0.036	0.277	0.063	0.280	0.036	0.276	Spectrum Read#4
G	0.271	0.036	0.278	0.038	0.278	0.036	0.277	0.039	0.275	0.042	0.276	0.036	Spectrum Read#4
H	0.037	0.272	0.038	0.275	0.036	0.273	0.038	0.277	0.036	0.278	0.037	0.268	Spectrum Read#4

Spectrum
Wavelength 5 (590 nm)
	1	2	3	4	5	6	7	8	9	10	11	12
A	0.266	0.037	0.255	0.038	0.251	0.038	0.272	0.049	0.259	0.036	0.270	0.035	Spectrum Read#5
B	0.037	0.254	0.035	0.252	0.035	0.269	0.036	0.251	0.035	0.271	0.035	0.261	Spectrum Read#5
C	0.263	0.036	0.248	0.035	0.264	0.036	0.253	0.038	0.250	0.036	0.249	0.035	Spectrum Read#5
D	0.035	0.258	0.035	0.245	0.046	0.269	0.052	0.263	0.035	0.266	0.035	0.263	Spectrum Read#5
E	0.264	0.035	0.239	0.035	0.251	0.044	0.252	0.035	0.252	0.036	0.250	0.035	Spectrum Read#5
F	0.036	0.249	0.035	0.256	0.036	0.255	0.036	0.257	0.061	0.270	0.036	0.255	Spectrum Read#5
G	0.261	0.036	0.255	0.038	0.251	0.036	0.241	0.038	0.260	0.042	0.255	0.035	Spectrum Read#5
H	0.036	0.253	0.037	0.235	0.036	0.255	0.038	0.246	0.035	0.265	0.037	0.260	Spectrum Read#5

Spectrum
Wavelength 6 (605 nm)
	1	2	3	4	5	6	7	8	9	10	11	12
A	0.263	0.036	0.238	0.037	0.235	0.038	0.275	0.049	0.252	0.036	0.271	0.035	Spectrum Read#6
B	0.036	0.238	0.035	0.230	0.035	0.267	0.036	0.236	0.035	0.271	0.035	0.256	Spectrum Read#6
C	0.255	0.036	0.228	0.035	0.259	0.036	0.241	0.038	0.236	0.036	0.232	0.035	Spectrum Read#6
D	0.035	0.246	0.035	0.223	0.045	0.271	0.051	0.259	0.035	0.265	0.035	0.261	Spectrum Read#6
E	0.256	0.035	0.210	0.035	0.235	0.044	0.238	0.035	0.238	0.035	0.236	0.035	Spectrum Read#6
F	0.036	0.235	0.035	0.246	0.036	0.244	0.036	0.251	0.060	0.271	0.036	0.248	Spectrum Read#6
G	0.262	0.036	0.246	0.038	0.238	0.036	0.220	0.038	0.257	0.041	0.246	0.035	Spectrum Read#6
H	0.037	0.245	0.038	0.211	0.036	0.248	0.038	0.231	0.035	0.264	0.037	0.263	Spectrum Read#6

Spectrum
Wavelength 7 (620 nm)
	1	2	3	4	5	6	7	8	9	10	11	12
A	0.222	0.036	0.200	0.037	0.197	0.037	0.233	0.048	0.212	0.036	0.229	0.035	Spectrum Read#7
B	0.036	0.200	0.035	0.193	0.035	0.226	0.036	0.199	0.035	0.230	0.035	0.216	Spectrum Read#7
C	0.216	0.035	0.191	0.035	0.219	0.036	0.203	0.038	0.198	0.035	0.194	0.035	Spectrum Read#7
D	0.035	0.208	0.035	0.186	0.045	0.230	0.050	0.219	0.035	0.225	0.035	0.221	Spectrum Read#7
E	0.216	0.035	0.174	0.035	0.197	0.043	0.201	0.035	0.200	0.035	0.199	0.035	Spectrum Read#7
F	0.035	0.197	0.035	0.208	0.036	0.205	0.036	0.212	0.059	0.230	0.035	0.209	Spectrum Read#7
G	0.221	0.036	0.207	0.038	0.200	0.036	0.183	0.038	0.217	0.041	0.207	0.035	Spectrum Read#7
H	0.037	0.206	0.037	0.175	0.036	0.210	0.037	0.193	0.035	0.224	0.037	0.223	Spectrum Read#7

Spectrum
Wavelength 8 (635 nm)
	1	2	3	4	5	6	7	8	9	10	11	12
A	0.228	0.036	0.201	0.037	0.199	0.037	0.241	0.047	0.217	0.035	0.236	0.034	Spectrum Read#8
B	0.036	0.201	0.034	0.193	0.034	0.232	0.036	0.201	0.035	0.236	0.035	0.221	Spectrum Read#8
C	0.221	0.035	0.192	0.035	0.225	0.035	0.206	0.037	0.201	0.035	0.196	0.035	Spectrum Read#8
D	0.035	0.211	0.034	0.186	0.044	0.237	0.050	0.225	0.035	0.232	0.035	0.227	Spectrum Read#8
E	0.221	0.035	0.172	0.035	0.200	0.043	0.203	0.035	0.202	0.035	0.201	0.035	Spectrum Read#8
F	0.035	0.200	0.035	0.212	0.035	0.210	0.035	0.216	0.057	0.237	0.035	0.214	Spectrum Read#8
G	0.229	0.035	0.211	0.038	0.203	0.035	0.184	0.037	0.224	0.040	0.212	0.035	Spectrum Read#8
H	0.036	0.212	0.037	0.175	0.036	0.215	0.037	0.196	0.035	0.231	0.036	0.231	Spectrum Read#8

Spectrum
Wavelength 9 (650 nm)
	1	2	3	4	5	6	7	8	9	10	11	12
A	0.297	0.035	0.257	0.037	0.252	0.037	0.318	0.046	0.281	0.035	0.312	0.034	Spectrum Read#9
B	0.036	0.257	0.034	0.242	0.034	0.302	0.035	0.256	0.034	0.311	0.034	0.287	Spectrum Read#9
C	0.285	0.035	0.242	0.034	0.293	0.035	0.264	0.037	0.257	0.035	0.248	0.034	Spectrum Read#9
D	0.035	0.271	0.034	0.234	0.044	0.312	0.049	0.292	0.035	0.304	0.034	0.298	Spectrum Read#9
E	0.287	0.034	0.212	0.034	0.255	0.042	0.261	0.034	0.257	0.035	0.258	0.034	Spectrum Read#9
F	0.034	0.258	0.034	0.274	0.035	0.272	0.035	0.281	0.056	0.312	0.035	0.277	Spectrum Read#9
G	0.303	0.035	0.274	0.037	0.262	0.035	0.234	0.037	0.293	0.040	0.275	0.034	Spectrum Read#9
H	0.036	0.276	0.037	0.219	0.035	0.280	0.036	0.250	0.034	0.302	0.036	0.305	Spectrum Read#9

Spectrum
Wavelength 10 (665 nm)
	1	2	3	4	5	6	7	8	9	10	11	12
A	0.232	0.035	0.202	0.036	0.199	0.037	0.246	0.045	0.220	0.035	0.242	0.034	Spectrum Read#10
B	0.035	0.202	0.034	0.193	0.034	0.236	0.035	0.201	0.034	0.241	0.034	0.224	Spectrum Read#10
C	0.224	0.035	0.192	0.035	0.228	0.035	0.208	0.037	0.203	0.034	0.197	0.034	Spectrum Read#10
D	0.034	0.213	0.034	0.186	0.044	0.243	0.048	0.229	0.034	0.236	0.034	0.232	Spectrum Read#10
E	0.225	0.034	0.170	0.034	0.201	0.042	0.206	0.034	0.203	0.035	0.204	0.034	Spectrum Read#10
F	0.035	0.203	0.034	0.216	0.035	0.213	0.035	0.221	0.055	0.242	0.035	0.217	Spectrum Read#10
G	0.236	0.035	0.215	0.037	0.206	0.035	0.186	0.037	0.229	0.040	0.216	0.034	Spectrum Read#10
H	0.036	0.216	0.037	0.175	0.035	0.219	0.036	0.198	0.034	0.235	0.036	0.237	Spectrum Read#10

Spectrum
Wavelength 11 (680 nm)
	1	2	3	4	5	6	7	8	9	10	11	12
A	0.109	0.035	0.099	0.036	0.099	0.036	0.114	0.044	0.105	0.035	0.112	0.033	Spectrum Read#11
B	0.035	0.099	0.034	0.098	0.034	0.112	0.035	0.099	0.034	0.112	0.034	0.106	Spectrum Read#11
C	0.107	0.034	0.095	0.034	0.108	0.034	0.101	0.036	0.100	0.034	0.098	0.034	Spectrum Read#11
D	0.034	0.103	0.034	0.094	0.043	0.113	0.047	0.109	0.034	0.111	0.034	0.109	Spectrum Read#11
E	0.108	0.034	0.089	0.034	0.099	0.041	0.100	0.034	0.100	0.034	0.099	0.034	Spectrum Read#11
F	0.034	0.099	0.034	0.104	0.035	0.102	0.035	0.105	0.054	0.113	0.034	0.104	Spectrum Read#11
G	0.110	0.035	0.103	0.037	0.100	0.034	0.093	0.036	0.108	0.039	0.103	0.034	Spectrum Read#11
H	0.036	0.104	0.036	0.090	0.035	0.104	0.036	0.098	0.034	0.110	0.036	0.111	Spectrum Read#11

