Spectrum
Wavelength 1 (410 nm)
	1	2	3	4	5	6	7	8	9	10	11	12
A	0.257	0.042	0.256	0.042	0.252	0.043	0.253	0.042	0.252	0.042	0.248	0.042	Spectrum Read#1
B	0.041	0.257	0.053	0.261	0.041	0.258	0.043	0.256	0.041	0.252	0.042	0.254	Spectrum Read#1
C	0.252	0.043	0.265	0.042	0.251	0.047	0.257	0.043	0.254	0.044	0.254	0.042	Spectrum Read#1
D	0.052	0.255	0.042	0.257	0.041	0.259	0.042	0.239	0.041	0.254	0.042	0.249	Spectrum Read#1
E	0.251	0.042	0.262	0.042	0.263	0.042	0.255	0.042	0.254	0.042	0.250	0.042	Spectrum Read#1
F	0.043	0.254	0.042	0.253	0.042	0.253	0.044	0.249	0.043	0.247	0.043	0.249	Spectrum Read#1
G	0.256	0.042	0.254	0.042	0.247	0.043	0.253	0.042	0.245	0.042	0.247	0.042	Spectrum Read#1
H	0.043	0.247	0.042	0.252	0.042	0.235	0.042	0.249	0.050	0.247	0.043	0.246	Spectrum Read#1

Spectrum
Wavelength 2 (440 nm)
	1	2	3	4	5	6	7	8	9	10	11	12
A	0.241	0.039	0.240	0.038	0.237	0.040	0.239	0.038	0.238	0.039	0.234	0.038	Spectrum Read#2
B	0.038	0.241	0.050	0.245	0.038	0.243	0.040	0.240	0.038	0.237	0.039	0.237	Spectrum Read#2
C	0.238	0.040	0.248	0.038	0.237	0.044	0.241	0.039	0.239	0.040	0.239	0.038	Spectrum Read#2
D	0.048	0.239	0.038	0.241	0.038	0.243	0.038	0.236	0.038	0.239	0.039	0.234	Spectrum Read#2
E	0.235	0.039	0.247	0.038	0.247	0.038	0.240	0.038	0.239	0.038	0.235	0.038	Spectrum Read#2
F	0.039	0.238	0.039	0.237	0.038	0.238	0.040	0.234	0.040	0.233	0.039	0.233	Spectrum Read#2
G	0.240	0.039	0.239	0.039	0.233	0.039	0.238	0.039	0.230	0.039	0.232	0.039	Spectrum Read#2
H	0.041	0.232	0.038	0.236	0.040	0.232	0.039	0.233	0.047	0.232	0.040	0.231	Spectrum Read#2

Spectrum
Wavelength 3 (470 nm)
	1	2	3	4	5	6	7	8	9	10	11	12
A	0.243	0.038	0.241	0.037	0.240	0.038	0.243	0.036	0.243	0.038	0.238	0.036	Spectrum Read#3
B	0.036	0.243	0.047	0.246	0.036	0.243	0.038	0.239	0.037	0.239	0.037	0.229	Spectrum Read#3
C	0.245	0.038	0.246	0.037	0.244	0.042	0.239	0.037	0.240	0.039	0.240	0.036	Spectrum Read#3
D	0.046	0.237	0.037	0.244	0.036	0.243	0.037	0.273	0.036	0.241	0.037	0.233	Spectrum Read#3
E	0.238	0.037	0.250	0.037	0.248	0.037	0.244	0.037	0.242	0.037	0.238	0.036	Spectrum Read#3
F	0.037	0.240	0.037	0.240	0.036	0.243	0.038	0.236	0.038	0.238	0.038	0.232	Spectrum Read#3
G	0.237	0.038	0.238	0.037	0.238	0.037	0.238	0.037	0.233	0.037	0.234	0.037	Spectrum Read#3
H	0.040	0.235	0.037	0.232	0.038	0.269	0.037	0.235	0.045	0.233	0.038	0.234	Spectrum Read#3

Spectrum
Wavelength 4 (500 nm)
	1	2	3	4	5	6	7	8	9	10	11	12
A	0.284	0.037	0.282	0.036	0.282	0.037	0.287	0.036	0.289	0.037	0.282	0.035	Spectrum Read#4
B	0.035	0.284	0.046	0.288	0.036	0.282	0.038	0.278	0.036	0.279	0.036	0.254	Spectrum Read#4
C	0.295	0.037	0.280	0.036	0.294	0.041	0.274	0.037	0.279	0.038	0.281	0.036	Spectrum Read#4
D	0.045	0.273	0.036	0.287	0.036	0.280	0.036	0.356	0.036	0.284	0.036	0.269	Spectrum Read#4
E	0.281	0.037	0.293	0.036	0.288	0.036	0.289	0.036	0.286	0.036	0.281	0.036	Spectrum Read#4
F	0.036	0.281	0.036	0.281	0.036	0.289	0.037	0.277	0.037	0.283	0.037	0.267	Spectrum Read#4
G	0.270	0.037	0.277	0.036	0.285	0.036	0.276	0.037	0.274	0.037	0.275	0.036	Spectrum Read#4
H	0.039	0.276	0.036	0.265	0.038	0.351	0.036	0.275	0.044	0.271	0.037	0.274	Spectrum Read#4

Spectrum
Wavelength 5 (530 nm)
	1	2	3	4	5	6	7	8	9	10	11	12
A	0.328	0.036	0.324	0.035	0.326	0.037	0.332	0.035	0.335	0.036	0.326	0.035	Spectrum Read#5
B	0.035	0.327	0.046	0.331	0.035	0.325	0.037	0.319	0.035	0.322	0.036	0.286	Spectrum Read#5
C	0.343	0.036	0.320	0.035	0.342	0.040	0.314	0.036	0.321	0.037	0.323	0.035	Spectrum Read#5
D	0.045	0.313	0.035	0.332	0.035	0.322	0.035	0.421	0.035	0.328	0.036	0.308	Spectrum Read#5
E	0.327	0.036	0.339	0.035	0.330	0.035	0.334	0.035	0.331	0.035	0.326	0.035	Spectrum Read#5
F	0.036	0.325	0.035	0.325	0.035	0.335	0.037	0.320	0.037	0.328	0.036	0.306	Spectrum Read#5
G	0.309	0.036	0.318	0.035	0.331	0.036	0.317	0.036	0.318	0.036	0.317	0.036	Spectrum Read#5
H	0.038	0.320	0.035	0.303	0.037	0.416	0.036	0.317	0.044	0.312	0.036	0.317	Spectrum Read#5

Spectrum
Wavelength 6 (560 nm)
	1	2	3	4	5	6	7	8	9	10	11	12
A	0.324	0.036	0.321	0.035	0.321	0.037	0.325	0.036	0.326	0.036	0.319	0.035	Spectrum Read#6
B	0.035	0.324	0.045	0.328	0.035	0.323	0.037	0.318	0.035	0.318	0.036	0.296	Spectrum Read#6
C	0.332	0.036	0.322	0.036	0.331	0.041	0.315	0.036	0.318	0.037	0.320	0.035	Spectrum Read#6
D	0.045	0.314	0.035	0.327	0.035	0.320	0.035	0.364	0.035	0.322	0.036	0.309	Spectrum Read#6
E	0.322	0.036	0.332	0.035	0.327	0.035	0.327	0.035	0.325	0.035	0.320	0.035	Spectrum Read#6
F	0.036	0.322	0.035	0.321	0.035	0.327	0.037	0.315	0.037	0.320	0.037	0.307	Spectrum Read#6
G	0.312	0.036	0.318	0.035	0.323	0.036	0.315	0.036	0.314	0.036	0.314	0.036	Spectrum Read#6
H	0.038	0.316	0.035	0.307	0.038	0.359	0.036	0.314	0.045	0.310	0.037	0.313	Spectrum Read#6

Spectrum
Wavelength 7 (590 nm)
	1	2	3	4	5	6	7	8	9	10	11	12
A	0.282	0.036	0.282	0.035	0.275	0.036	0.273	0.035	0.269	0.036	0.268	0.035	Spectrum Read#7
B	0.035	0.283	0.045	0.287	0.035	0.285	0.037	0.284	0.035	0.276	0.036	0.297	Spectrum Read#7
C	0.266	0.036	0.298	0.035	0.265	0.040	0.288	0.036	0.280	0.037	0.278	0.035	Spectrum Read#7
D	0.044	0.288	0.035	0.281	0.035	0.287	0.035	0.180	0.035	0.275	0.036	0.279	Spectrum Read#7
E	0.276	0.036	0.282	0.035	0.287	0.035	0.275	0.035	0.274	0.035	0.272	0.035	Spectrum Read#7
F	0.035	0.279	0.035	0.277	0.035	0.270	0.036	0.272	0.036	0.267	0.036	0.280	Spectrum Read#7
G	0.291	0.036	0.284	0.035	0.266	0.035	0.280	0.036	0.270	0.036	0.272	0.035	Spectrum Read#7
H	0.038	0.274	0.035	0.289	0.037	0.177	0.036	0.275	0.044	0.274	0.036	0.271	Spectrum Read#7

Spectrum
Wavelength 8 (620 nm)
	1	2	3	4	5	6	7	8	9	10	11	12
A	0.237	0.036	0.239	0.035	0.229	0.036	0.224	0.035	0.217	0.036	0.220	0.034	Spectrum Read#8
B	0.035	0.238	0.044	0.242	0.035	0.242	0.037	0.243	0.035	0.231	0.035	0.272	Spectrum Read#8
C	0.211	0.036	0.261	0.035	0.209	0.039	0.250	0.036	0.236	0.037	0.234	0.035	Spectrum Read#8
D	0.044	0.250	0.035	0.234	0.035	0.246	0.035	0.068	0.035	0.229	0.035	0.241	Spectrum Read#8
E	0.229	0.035	0.233	0.035	0.243	0.035	0.225	0.035	0.226	0.035	0.225	0.035	Spectrum Read#8
F	0.035	0.234	0.035	0.231	0.035	0.218	0.036	0.226	0.036	0.217	0.036	0.243	Spectrum Read#8
G	0.256	0.035	0.244	0.035	0.215	0.035	0.238	0.036	0.225	0.035	0.228	0.035	Spectrum Read#8
H	0.038	0.229	0.035	0.255	0.037	0.067	0.035	0.232	0.044	0.233	0.036	0.227	Spectrum Read#8

Spectrum
Wavelength 9 (650 nm)
	1	2	3	4	5	6	7	8	9	10	11	12
A	0.319	0.035	0.322	0.034	0.305	0.036	0.294	0.034	0.283	0.035	0.289	0.034	Spectrum Read#9
B	0.034	0.320	0.044	0.326	0.034	0.328	0.036	0.329	0.035	0.310	0.035	0.385	Spectrum Read#9
C	0.272	0.035	0.359	0.035	0.270	0.039	0.343	0.035	0.318	0.036	0.314	0.034	Spectrum Read#9
D	0.043	0.344	0.034	0.311	0.034	0.334	0.035	0.048	0.034	0.303	0.035	0.328	Spectrum Read#9
E	0.307	0.035	0.307	0.034	0.325	0.034	0.296	0.034	0.298	0.034	0.300	0.034	Spectrum Read#9
F	0.035	0.315	0.035	0.309	0.034	0.285	0.035	0.302	0.036	0.285	0.035	0.333	Spectrum Read#9
G	0.354	0.035	0.332	0.034	0.282	0.035	0.322	0.035	0.301	0.035	0.305	0.034	Spectrum Read#9
H	0.038	0.309	0.034	0.354	0.037	0.047	0.034	0.312	0.044	0.314	0.035	0.304	Spectrum Read#9

Spectrum
Wavelength 10 (680 nm)
	1	2	3	4	5	6	7	8	9	10	11	12
A	0.115	0.035	0.115	0.034	0.112	0.035	0.110	0.034	0.107	0.035	0.108	0.034	Spectrum Read#10
B	0.034	0.116	0.044	0.118	0.034	0.118	0.036	0.117	0.034	0.113	0.034	0.129	Spectrum Read#10
C	0.104	0.035	0.128	0.034	0.103	0.038	0.122	0.035	0.116	0.036	0.115	0.034	Spectrum Read#10
D	0.043	0.121	0.034	0.113	0.034	0.121	0.034	0.041	0.034	0.112	0.035	0.117	Spectrum Read#10
E	0.112	0.034	0.117	0.034	0.120	0.034	0.112	0.034	0.113	0.034	0.111	0.034	Spectrum Read#10
F	0.034	0.115	0.034	0.113	0.034	0.108	0.035	0.111	0.035	0.108	0.035	0.118	Spectrum Read#10
G	0.123	0.035	0.118	0.034	0.107	0.035	0.118	0.035	0.113	0.035	0.113	0.034	Spectrum Read#10
H	0.037	0.113	0.034	0.124	0.036	0.041	0.034	0.115	0.043	0.115	0.035	0.113	Spectrum Read#10

