Spectrum
Wavelength 1 (530 nm)
	1	2	3	4	5	6	7	8	9	10	11	12
A	0.322	0.037	0.329	0.036	0.308	0.038	0.309	0.054	0.310	0.037	0.304	0.036	Spectrum Read#1
B	0.040	0.327	0.036	0.312	0.036	0.306	0.037	0.296	0.036	0.324	0.037	0.303	Spectrum Read#1
C	0.314	0.044	0.322	0.047	0.334	0.040	0.302	0.036	0.320	0.036	0.307	0.036	Spectrum Read#1
D	0.036	0.313	0.037	0.302	0.067	0.305	0.036	0.305	0.036	0.302	0.036	0.301	Spectrum Read#1
E	0.299	0.036	0.299	0.042	0.294	0.069	0.298	0.052	0.307	0.041	0.311	0.036	Spectrum Read#1
F	0.036	0.297	0.039	0.307	0.037	0.289	0.036	0.307	0.046	0.302	0.038	0.296	Spectrum Read#1
G	0.294	0.037	0.303	0.036	0.301	0.036	0.287	0.037	0.292	0.037	0.293	0.036	Spectrum Read#1
H	0.037	0.285	0.037	0.310	0.036	0.279	0.037	0.311	0.035	0.296	0.037	0.295	Spectrum Read#1

Spectrum
Wavelength 2 (545 nm)
	1	2	3	4	5	6	7	8	9	10	11	12
A	0.323	0.037	0.328	0.036	0.311	0.038	0.311	0.053	0.312	0.037	0.307	0.036	Spectrum Read#2
B	0.040	0.328	0.036	0.313	0.036	0.309	0.037	0.299	0.036	0.323	0.037	0.305	Spectrum Read#2
C	0.316	0.045	0.322	0.046	0.333	0.040	0.305	0.036	0.320	0.036	0.308	0.036	Spectrum Read#2
D	0.036	0.314	0.037	0.305	0.066	0.307	0.036	0.307	0.036	0.305	0.036	0.304	Spectrum Read#2
E	0.303	0.036	0.302	0.042	0.297	0.068	0.301	0.052	0.309	0.041	0.314	0.036	Spectrum Read#2
F	0.036	0.300	0.039	0.309	0.037	0.294	0.036	0.309	0.046	0.306	0.038	0.300	Spectrum Read#2
G	0.298	0.037	0.306	0.036	0.304	0.036	0.292	0.037	0.296	0.037	0.297	0.036	Spectrum Read#2
H	0.037	0.290	0.036	0.312	0.036	0.284	0.036	0.312	0.035	0.299	0.037	0.298	Spectrum Read#2

Spectrum
Wavelength 3 (560 nm)
	1	2	3	4	5	6	7	8	9	10	11	12
A	0.314	0.037	0.316	0.036	0.305	0.038	0.305	0.052	0.307	0.037	0.304	0.036	Spectrum Read#3
B	0.040	0.317	0.036	0.304	0.036	0.304	0.037	0.296	0.036	0.311	0.037	0.300	Spectrum Read#3
C	0.310	0.044	0.312	0.046	0.319	0.040	0.300	0.036	0.310	0.036	0.299	0.036	Spectrum Read#3
D	0.036	0.305	0.037	0.299	0.064	0.301	0.036	0.302	0.037	0.300	0.036	0.301	Spectrum Read#3
E	0.299	0.036	0.300	0.042	0.294	0.066	0.298	0.051	0.302	0.041	0.307	0.036	Spectrum Read#3
F	0.036	0.297	0.039	0.303	0.037	0.291	0.036	0.301	0.046	0.302	0.038	0.297	Spectrum Read#3
G	0.296	0.036	0.300	0.036	0.298	0.036	0.290	0.037	0.293	0.037	0.293	0.036	Spectrum Read#3
H	0.037	0.289	0.036	0.304	0.036	0.284	0.036	0.301	0.035	0.295	0.037	0.295	Spectrum Read#3

Spectrum
Wavelength 4 (575 nm)
	1	2	3	4	5	6	7	8	9	10	11	12
A	0.283	0.037	0.281	0.036	0.279	0.037	0.278	0.051	0.281	0.036	0.279	0.035	Spectrum Read#4
B	0.040	0.284	0.035	0.275	0.035	0.278	0.036	0.274	0.036	0.277	0.037	0.276	Spectrum Read#4
C	0.283	0.044	0.279	0.045	0.282	0.039	0.274	0.036	0.278	0.036	0.269	0.035	Spectrum Read#4
D	0.035	0.275	0.036	0.274	0.063	0.273	0.035	0.276	0.036	0.276	0.036	0.278	Spectrum Read#4
E	0.276	0.036	0.278	0.042	0.272	0.065	0.275	0.051	0.276	0.041	0.278	0.035	Spectrum Read#4
F	0.036	0.273	0.038	0.275	0.036	0.270	0.036	0.272	0.046	0.279	0.038	0.276	Spectrum Read#4
G	0.273	0.036	0.273	0.036	0.271	0.036	0.269	0.036	0.270	0.036	0.271	0.035	Spectrum Read#4
H	0.036	0.270	0.036	0.275	0.036	0.264	0.036	0.269	0.035	0.272	0.036	0.272	Spectrum Read#4

Spectrum
Wavelength 5 (590 nm)
	1	2	3	4	5	6	7	8	9	10	11	12
A	0.258	0.037	0.247	0.036	0.265	0.037	0.261	0.051	0.266	0.036	0.270	0.035	Spectrum Read#5
B	0.040	0.256	0.036	0.252	0.036	0.266	0.036	0.267	0.036	0.243	0.037	0.264	Spectrum Read#5
C	0.269	0.044	0.251	0.045	0.244	0.040	0.261	0.036	0.250	0.036	0.244	0.036	Spectrum Read#5
D	0.035	0.251	0.036	0.260	0.061	0.257	0.036	0.263	0.036	0.265	0.036	0.272	Spectrum Read#5
E	0.268	0.036	0.272	0.041	0.266	0.064	0.266	0.051	0.259	0.041	0.260	0.036	Spectrum Read#5
F	0.036	0.264	0.039	0.257	0.036	0.265	0.035	0.252	0.046	0.271	0.038	0.272	Spectrum Read#5
G	0.267	0.036	0.256	0.036	0.255	0.036	0.265	0.036	0.264	0.037	0.264	0.035	Spectrum Read#5
H	0.037	0.269	0.036	0.253	0.036	0.264	0.036	0.240	0.035	0.263	0.036	0.264	Spectrum Read#5

Spectrum
Wavelength 6 (605 nm)
	1	2	3	4	5	6	7	8	9	10	11	12
A	0.246	0.036	0.227	0.036	0.262	0.037	0.255	0.050	0.263	0.036	0.272	0.035	Spectrum Read#6
B	0.040	0.242	0.035	0.241	0.035	0.264	0.036	0.270	0.035	0.224	0.036	0.262	Spectrum Read#6
C	0.265	0.043	0.236	0.044	0.221	0.039	0.259	0.035	0.236	0.036	0.233	0.035	Spectrum Read#6
D	0.035	0.239	0.036	0.257	0.060	0.252	0.035	0.261	0.036	0.264	0.035	0.275	Spectrum Read#6
E	0.270	0.035	0.277	0.041	0.269	0.062	0.268	0.050	0.253	0.040	0.252	0.035	Spectrum Read#6
F	0.035	0.264	0.038	0.251	0.036	0.269	0.035	0.243	0.045	0.272	0.037	0.277	Spectrum Read#6
G	0.271	0.036	0.251	0.035	0.250	0.035	0.270	0.036	0.266	0.036	0.266	0.035	Spectrum Read#6
H	0.037	0.277	0.036	0.244	0.035	0.273	0.035	0.223	0.035	0.264	0.036	0.266	Spectrum Read#6

Spectrum
Wavelength 7 (620 nm)
	1	2	3	4	5	6	7	8	9	10	11	12
A	0.208	0.036	0.192	0.036	0.222	0.037	0.217	0.049	0.223	0.036	0.230	0.035	Spectrum Read#7
B	0.040	0.204	0.035	0.204	0.036	0.225	0.036	0.230	0.036	0.188	0.036	0.223	Spectrum Read#7
C	0.226	0.044	0.199	0.044	0.185	0.039	0.220	0.035	0.199	0.036	0.196	0.035	Spectrum Read#7
D	0.035	0.201	0.036	0.218	0.058	0.213	0.035	0.221	0.036	0.224	0.035	0.234	Spectrum Read#7
E	0.229	0.036	0.236	0.041	0.228	0.061	0.228	0.050	0.215	0.040	0.213	0.035	Spectrum Read#7
F	0.035	0.224	0.038	0.212	0.036	0.229	0.035	0.205	0.045	0.232	0.037	0.236	Spectrum Read#7
G	0.230	0.036	0.211	0.036	0.211	0.035	0.230	0.036	0.225	0.036	0.226	0.035	Spectrum Read#7
H	0.037	0.235	0.036	0.206	0.035	0.232	0.036	0.188	0.035	0.224	0.036	0.226	Spectrum Read#7

Spectrum
Wavelength 8 (635 nm)
	1	2	3	4	5	6	7	8	9	10	11	12
A	0.210	0.036	0.192	0.035	0.228	0.036	0.222	0.048	0.229	0.035	0.238	0.035	Spectrum Read#8
B	0.039	0.206	0.035	0.208	0.035	0.231	0.036	0.238	0.035	0.189	0.036	0.230	Spectrum Read#8
C	0.232	0.043	0.201	0.043	0.185	0.038	0.226	0.035	0.201	0.035	0.200	0.035	Spectrum Read#8
D	0.034	0.205	0.035	0.224	0.057	0.218	0.035	0.228	0.035	0.231	0.035	0.242	Spectrum Read#8
E	0.237	0.035	0.244	0.040	0.237	0.059	0.236	0.049	0.220	0.040	0.219	0.035	Spectrum Read#8
F	0.035	0.232	0.038	0.218	0.035	0.238	0.035	0.210	0.045	0.240	0.037	0.244	Spectrum Read#8
G	0.238	0.035	0.218	0.035	0.217	0.035	0.239	0.036	0.234	0.035	0.234	0.034	Spectrum Read#8
H	0.036	0.245	0.035	0.210	0.035	0.242	0.035	0.190	0.034	0.232	0.036	0.234	Spectrum Read#8

Spectrum
Wavelength 9 (650 nm)
	1	2	3	4	5	6	7	8	9	10	11	12
A	0.270	0.036	0.241	0.035	0.297	0.036	0.288	0.048	0.299	0.035	0.314	0.035	Spectrum Read#9
B	0.039	0.262	0.035	0.267	0.035	0.302	0.035	0.314	0.035	0.240	0.036	0.301	Spectrum Read#9
C	0.300	0.043	0.257	0.043	0.232	0.038	0.296	0.035	0.257	0.035	0.257	0.035	Spectrum Read#9
D	0.035	0.266	0.035	0.294	0.056	0.285	0.035	0.298	0.035	0.305	0.035	0.320	Spectrum Read#9
E	0.314	0.035	0.323	0.039	0.314	0.058	0.310	0.048	0.288	0.040	0.285	0.035	Spectrum Read#9
F	0.035	0.306	0.037	0.285	0.035	0.316	0.034	0.273	0.044	0.316	0.037	0.323	Spectrum Read#9
G	0.318	0.035	0.287	0.035	0.285	0.035	0.318	0.036	0.310	0.036	0.311	0.035	Spectrum Read#9
H	0.036	0.329	0.035	0.272	0.035	0.324	0.035	0.242	0.034	0.306	0.036	0.309	Spectrum Read#9

Spectrum
Wavelength 10 (665 nm)
	1	2	3	4	5	6	7	8	9	10	11	12
A	0.213	0.036	0.190	0.035	0.232	0.036	0.225	0.047	0.233	0.035	0.244	0.034	Spectrum Read#10
B	0.038	0.207	0.034	0.210	0.034	0.235	0.035	0.243	0.035	0.190	0.035	0.234	Spectrum Read#10
C	0.235	0.043	0.202	0.042	0.184	0.038	0.231	0.035	0.202	0.035	0.202	0.034	Spectrum Read#10
D	0.034	0.209	0.035	0.229	0.055	0.223	0.034	0.232	0.035	0.237	0.035	0.248	Spectrum Read#10
E	0.244	0.035	0.250	0.039	0.243	0.057	0.241	0.048	0.225	0.039	0.223	0.034	Spectrum Read#10
F	0.034	0.238	0.037	0.223	0.035	0.244	0.034	0.213	0.044	0.245	0.037	0.250	Spectrum Read#10
G	0.246	0.035	0.224	0.035	0.223	0.034	0.246	0.035	0.240	0.035	0.241	0.034	Spectrum Read#10
H	0.036	0.254	0.035	0.213	0.035	0.250	0.035	0.191	0.034	0.238	0.035	0.241	Spectrum Read#10

Spectrum
Wavelength 11 (680 nm)
	1	2	3	4	5	6	7	8	9	10	11	12
A	0.104	0.035	0.095	0.035	0.110	0.036	0.108	0.046	0.111	0.035	0.113	0.034	Spectrum Read#11
B	0.038	0.103	0.034	0.102	0.034	0.110	0.035	0.113	0.035	0.095	0.035	0.110	Spectrum Read#11
C	0.113	0.043	0.099	0.042	0.093	0.038	0.109	0.034	0.100	0.034	0.099	0.034	Spectrum Read#11
D	0.034	0.101	0.035	0.108	0.054	0.106	0.034	0.109	0.035	0.111	0.034	0.115	Spectrum Read#11
E	0.113	0.035	0.117	0.039	0.113	0.056	0.114	0.048	0.108	0.039	0.107	0.034	Spectrum Read#11
F	0.034	0.111	0.037	0.106	0.035	0.113	0.034	0.102	0.044	0.115	0.036	0.116	Spectrum Read#11
G	0.114	0.035	0.106	0.035	0.105	0.034	0.114	0.035	0.111	0.035	0.112	0.034	Spectrum Read#11
H	0.036	0.116	0.035	0.103	0.035	0.115	0.035	0.096	0.034	0.112	0.035	0.113	Spectrum Read#11

