Spectrum
Wavelength 1 (410 nm)
	1	2	3	4	5	6	7	8	9	10	11	12
A	0.222	0.037	0.221	0.037	0.216	0.037	0.221	0.039	0.226	0.037	0.226	0.038	Spectrum Read#1
B	0.037	0.217	0.037	0.226	0.037	0.230	0.037	0.215	0.038	0.228	0.037	0.227	Spectrum Read#1
C	0.236	0.038	0.224	0.037	0.226	0.038	0.237	0.037	0.226	0.037	0.223	0.038	Spectrum Read#1
D	0.038	0.226	0.037	0.228	0.037	0.253	0.038	0.255	0.038	0.222	0.037	0.225	Spectrum Read#1
E	0.227	0.037	0.229	0.038	0.234	0.038	0.270	0.038	0.231	0.037	0.247	0.037	Spectrum Read#1
F	0.038	0.225	0.038	0.233	0.038	0.238	0.038	0.244	0.040	0.237	0.039	0.223	Spectrum Read#1
G	0.230	0.038	0.226	0.038	0.229	0.038	0.234	0.037	0.244	0.038	0.229	0.037	Spectrum Read#1
H	0.037	0.229	0.038	0.217	0.037	0.224	0.038	0.228	0.037	0.222	0.038	0.229	Spectrum Read#1

Spectrum
Wavelength 2 (440 nm)
	1	2	3	4	5	6	7	8	9	10	11	12
A	0.210	0.036	0.209	0.036	0.204	0.036	0.208	0.038	0.213	0.036	0.212	0.037	Spectrum Read#2
B	0.036	0.204	0.036	0.213	0.036	0.217	0.036	0.204	0.036	0.215	0.036	0.212	Spectrum Read#2
C	0.223	0.037	0.211	0.036	0.213	0.036	0.224	0.036	0.213	0.036	0.209	0.036	Spectrum Read#2
D	0.036	0.213	0.036	0.216	0.036	0.241	0.036	0.241	0.036	0.211	0.036	0.212	Spectrum Read#2
E	0.213	0.036	0.216	0.036	0.221	0.036	0.256	0.037	0.217	0.036	0.233	0.036	Spectrum Read#2
F	0.036	0.211	0.036	0.218	0.036	0.225	0.037	0.230	0.038	0.223	0.038	0.210	Spectrum Read#2
G	0.217	0.037	0.212	0.036	0.215	0.037	0.221	0.036	0.230	0.037	0.215	0.036	Spectrum Read#2
H	0.036	0.215	0.036	0.205	0.036	0.211	0.037	0.216	0.036	0.210	0.037	0.216	Spectrum Read#2

Spectrum
Wavelength 3 (470 nm)
	1	2	3	4	5	6	7	8	9	10	11	12
A	0.208	0.035	0.212	0.036	0.201	0.035	0.204	0.038	0.208	0.035	0.202	0.037	Spectrum Read#3
B	0.035	0.200	0.035	0.208	0.035	0.212	0.036	0.203	0.035	0.210	0.036	0.202	Spectrum Read#3
C	0.218	0.035	0.207	0.035	0.209	0.035	0.220	0.035	0.212	0.035	0.204	0.035	Spectrum Read#3
D	0.035	0.210	0.035	0.215	0.035	0.239	0.035	0.237	0.036	0.217	0.035	0.208	Spectrum Read#3
E	0.206	0.035	0.212	0.036	0.220	0.036	0.254	0.036	0.215	0.036	0.230	0.037	Spectrum Read#3
F	0.035	0.207	0.035	0.213	0.036	0.223	0.036	0.228	0.037	0.217	0.037	0.206	Spectrum Read#3
G	0.212	0.037	0.206	0.036	0.212	0.035	0.215	0.035	0.227	0.035	0.209	0.035	Spectrum Read#3
H	0.035	0.214	0.035	0.202	0.035	0.209	0.035	0.213	0.035	0.204	0.035	0.210	Spectrum Read#3

Spectrum
Wavelength 4 (500 nm)
	1	2	3	4	5	6	7	8	9	10	11	12
A	0.235	0.034	0.245	0.035	0.225	0.034	0.229	0.037	0.231	0.035	0.217	0.036	Spectrum Read#4
B	0.034	0.222	0.035	0.231	0.035	0.237	0.035	0.232	0.035	0.233	0.035	0.216	Spectrum Read#4
C	0.240	0.035	0.233	0.035	0.234	0.035	0.245	0.035	0.239	0.035	0.227	0.035	Spectrum Read#4
D	0.035	0.236	0.035	0.245	0.035	0.270	0.035	0.262	0.035	0.258	0.035	0.233	Spectrum Read#4
E	0.226	0.035	0.239	0.035	0.248	0.035	0.281	0.035	0.243	0.035	0.256	0.036	Spectrum Read#4
F	0.035	0.232	0.035	0.236	0.035	0.252	0.035	0.255	0.036	0.238	0.036	0.230	Spectrum Read#4
G	0.237	0.036	0.227	0.035	0.238	0.034	0.235	0.035	0.253	0.035	0.232	0.035	Spectrum Read#4
H	0.034	0.242	0.035	0.227	0.035	0.234	0.035	0.239	0.034	0.223	0.035	0.231	Spectrum Read#4

Spectrum
Wavelength 5 (530 nm)
	1	2	3	4	5	6	7	8	9	10	11	12
A	0.268	0.034	0.285	0.036	0.257	0.034	0.261	0.037	0.263	0.035	0.245	0.036	Spectrum Read#5
B	0.034	0.253	0.035	0.263	0.035	0.270	0.035	0.267	0.035	0.265	0.035	0.242	Spectrum Read#5
C	0.272	0.034	0.266	0.034	0.267	0.034	0.279	0.035	0.275	0.035	0.258	0.034	Spectrum Read#5
D	0.035	0.269	0.034	0.281	0.035	0.306	0.035	0.296	0.035	0.301	0.034	0.266	Spectrum Read#5
E	0.257	0.035	0.274	0.035	0.284	0.035	0.317	0.035	0.278	0.035	0.290	0.035	Spectrum Read#5
F	0.035	0.265	0.034	0.268	0.035	0.287	0.035	0.290	0.036	0.268	0.035	0.262	Spectrum Read#5
G	0.270	0.035	0.257	0.035	0.272	0.034	0.264	0.035	0.287	0.034	0.265	0.035	Spectrum Read#5
H	0.034	0.277	0.036	0.259	0.034	0.266	0.035	0.273	0.034	0.251	0.035	0.262	Spectrum Read#5

Spectrum
Wavelength 6 (560 nm)
	1	2	3	4	5	6	7	8	9	10	11	12
A	0.272	0.034	0.283	0.035	0.262	0.034	0.268	0.036	0.270	0.034	0.259	0.035	Spectrum Read#6
B	0.034	0.260	0.035	0.271	0.034	0.276	0.035	0.269	0.035	0.273	0.035	0.258	Spectrum Read#6
C	0.279	0.034	0.273	0.034	0.273	0.034	0.285	0.034	0.279	0.035	0.268	0.034	Spectrum Read#6
D	0.035	0.275	0.034	0.283	0.035	0.305	0.035	0.300	0.035	0.293	0.034	0.272	Spectrum Read#6
E	0.268	0.035	0.280	0.035	0.286	0.034	0.317	0.035	0.282	0.035	0.293	0.034	Spectrum Read#6
F	0.035	0.272	0.034	0.276	0.035	0.288	0.034	0.293	0.036	0.275	0.034	0.268	Spectrum Read#6
G	0.277	0.034	0.266	0.034	0.277	0.034	0.272	0.035	0.291	0.034	0.274	0.035	Spectrum Read#6
H	0.034	0.281	0.035	0.263	0.034	0.270	0.035	0.277	0.034	0.260	0.036	0.272	Spectrum Read#6

Spectrum
Wavelength 7 (590 nm)
	1	2	3	4	5	6	7	8	9	10	11	12
A	0.254	0.034	0.248	0.035	0.250	0.034	0.258	0.036	0.266	0.034	0.274	0.035	Spectrum Read#7
B	0.034	0.255	0.034	0.267	0.035	0.268	0.035	0.246	0.035	0.269	0.035	0.277	Spectrum Read#7
C	0.277	0.033	0.262	0.034	0.264	0.034	0.276	0.035	0.260	0.035	0.265	0.034	Spectrum Read#7
D	0.035	0.264	0.034	0.260	0.035	0.279	0.035	0.288	0.035	0.239	0.035	0.261	Spectrum Read#7
E	0.271	0.035	0.266	0.035	0.265	0.034	0.298	0.035	0.265	0.035	0.275	0.034	Spectrum Read#7
F	0.035	0.265	0.034	0.273	0.035	0.266	0.035	0.273	0.036	0.272	0.034	0.261	Spectrum Read#7
G	0.268	0.034	0.270	0.034	0.264	0.035	0.273	0.035	0.273	0.035	0.271	0.034	Spectrum Read#7
H	0.034	0.264	0.035	0.252	0.034	0.258	0.036	0.264	0.034	0.262	0.036	0.272	Spectrum Read#7

Spectrum
Wavelength 8 (620 nm)
	1	2	3	4	5	6	7	8	9	10	11	12
A	0.224	0.033	0.210	0.035	0.224	0.033	0.232	0.036	0.242	0.034	0.259	0.035	Spectrum Read#8
B	0.034	0.231	0.034	0.243	0.034	0.242	0.034	0.213	0.035	0.244	0.034	0.264	Spectrum Read#8
C	0.254	0.033	0.235	0.034	0.237	0.033	0.248	0.034	0.230	0.034	0.241	0.034	Spectrum Read#8
D	0.035	0.237	0.034	0.227	0.034	0.243	0.035	0.259	0.034	0.191	0.035	0.234	Spectrum Read#8
E	0.251	0.034	0.238	0.035	0.232	0.034	0.267	0.034	0.235	0.034	0.244	0.034	Spectrum Read#8
F	0.035	0.239	0.034	0.249	0.035	0.232	0.035	0.241	0.035	0.248	0.034	0.235	Spectrum Read#8
G	0.242	0.034	0.249	0.034	0.235	0.035	0.251	0.034	0.242	0.035	0.246	0.034	Spectrum Read#8
H	0.033	0.233	0.035	0.225	0.033	0.230	0.035	0.236	0.033	0.241	0.035	0.250	Spectrum Read#8

Spectrum
Wavelength 9 (650 nm)
	1	2	3	4	5	6	7	8	9	10	11	12
A	0.312	0.033	0.286	0.035	0.316	0.033	0.329	0.035	0.344	0.034	0.376	0.034	Spectrum Read#9
B	0.033	0.330	0.033	0.346	0.034	0.344	0.034	0.297	0.035	0.349	0.034	0.386	Spectrum Read#9
C	0.358	0.033	0.333	0.033	0.337	0.033	0.349	0.034	0.322	0.034	0.346	0.034	Spectrum Read#9
D	0.034	0.335	0.034	0.315	0.033	0.327	0.035	0.356	0.034	0.250	0.034	0.331	Spectrum Read#9
E	0.361	0.034	0.336	0.034	0.320	0.033	0.357	0.034	0.328	0.033	0.337	0.033	Spectrum Read#9
F	0.034	0.340	0.034	0.356	0.034	0.319	0.035	0.331	0.035	0.349	0.034	0.335	Spectrum Read#9
G	0.343	0.034	0.360	0.034	0.331	0.035	0.357	0.034	0.334	0.035	0.351	0.033	Spectrum Read#9
H	0.033	0.328	0.034	0.316	0.033	0.324	0.034	0.330	0.033	0.344	0.035	0.358	Spectrum Read#9

Spectrum
Wavelength 10 (680 nm)
	1	2	3	4	5	6	7	8	9	10	11	12
A	0.112	0.033	0.104	0.034	0.109	0.033	0.112	0.035	0.116	0.033	0.122	0.034	Spectrum Read#10
B	0.033	0.111	0.033	0.116	0.033	0.116	0.033	0.104	0.034	0.117	0.034	0.124	Spectrum Read#10
C	0.128	0.032	0.113	0.033	0.114	0.033	0.121	0.034	0.112	0.033	0.116	0.034	Spectrum Read#10
D	0.033	0.114	0.034	0.110	0.033	0.128	0.034	0.133	0.033	0.096	0.034	0.113	Spectrum Read#10
E	0.119	0.033	0.115	0.034	0.116	0.033	0.147	0.033	0.114	0.033	0.123	0.033	Spectrum Read#10
F	0.034	0.114	0.033	0.119	0.033	0.117	0.034	0.121	0.034	0.121	0.033	0.113	Spectrum Read#10
G	0.116	0.034	0.118	0.033	0.115	0.035	0.122	0.033	0.120	0.035	0.116	0.033	Spectrum Read#10
H	0.032	0.112	0.033	0.110	0.032	0.112	0.033	0.114	0.032	0.117	0.034	0.120	Spectrum Read#10

