Spectrum
Wavelength 1 (410 nm)
	1	2	3	4	5	6	7	8	9	10	11	12
A	0.207	0.038	0.206	0.039	0.206	0.038	0.198	0.038	0.200	0.039	0.204	0.038	Spectrum Read#1
B	0.038	0.209	0.039	0.205	0.038	0.206	0.042	0.197	0.039	0.204	0.038	0.203	Spectrum Read#1
C	0.207	0.040	0.207	0.039	0.207	0.038	0.204	0.038	0.204	0.039	0.199	0.039	Spectrum Read#1
D	0.039	0.204	0.039	0.203	0.039	0.205	0.039	0.205	0.039	0.206	0.039	0.204	Spectrum Read#1
E	0.203	0.038	0.210	0.039	0.204	0.038	0.215	0.039	0.203	0.039	0.204	0.039	Spectrum Read#1
F	0.038	0.197	0.044	0.205	0.038	0.205	0.038	0.203	0.039	0.209	0.039	0.205	Spectrum Read#1
G	0.202	0.038	0.207	0.038	0.206	0.039	0.218	0.039	0.206	0.039	0.201	0.039	Spectrum Read#1
H	0.039	0.209	0.039	0.207	0.038	0.195	0.039	0.208	0.039	0.197	0.039	0.204	Spectrum Read#1

Spectrum
Wavelength 2 (440 nm)
	1	2	3	4	5	6	7	8	9	10	11	12
A	0.195	0.036	0.194	0.037	0.194	0.036	0.186	0.036	0.188	0.037	0.193	0.036	Spectrum Read#2
B	0.037	0.196	0.038	0.194	0.037	0.193	0.040	0.184	0.037	0.193	0.037	0.190	Spectrum Read#2
C	0.195	0.038	0.195	0.038	0.195	0.037	0.191	0.036	0.191	0.037	0.186	0.037	Spectrum Read#2
D	0.036	0.191	0.037	0.191	0.037	0.193	0.036	0.192	0.037	0.194	0.038	0.192	Spectrum Read#2
E	0.190	0.036	0.197	0.036	0.193	0.037	0.201	0.037	0.191	0.038	0.193	0.037	Spectrum Read#2
F	0.037	0.185	0.042	0.192	0.037	0.192	0.037	0.191	0.037	0.196	0.037	0.192	Spectrum Read#2
G	0.190	0.036	0.193	0.036	0.194	0.038	0.204	0.037	0.193	0.037	0.189	0.037	Spectrum Read#2
H	0.037	0.196	0.037	0.194	0.036	0.182	0.037	0.195	0.037	0.185	0.036	0.191	Spectrum Read#2

Spectrum
Wavelength 3 (470 nm)
	1	2	3	4	5	6	7	8	9	10	11	12
A	0.190	0.034	0.189	0.036	0.189	0.035	0.183	0.035	0.187	0.036	0.192	0.035	Spectrum Read#3
B	0.037	0.190	0.037	0.192	0.037	0.190	0.039	0.180	0.035	0.189	0.036	0.187	Spectrum Read#3
C	0.192	0.036	0.189	0.036	0.190	0.036	0.188	0.035	0.189	0.035	0.182	0.035	Spectrum Read#3
D	0.035	0.188	0.036	0.191	0.036	0.189	0.035	0.188	0.036	0.192	0.037	0.189	Spectrum Read#3
E	0.190	0.035	0.192	0.036	0.190	0.035	0.196	0.035	0.188	0.037	0.190	0.037	Spectrum Read#3
F	0.036	0.180	0.040	0.188	0.036	0.191	0.035	0.189	0.035	0.195	0.035	0.189	Spectrum Read#3
G	0.190	0.035	0.187	0.035	0.193	0.037	0.200	0.036	0.189	0.036	0.190	0.036	Spectrum Read#3
H	0.036	0.193	0.035	0.189	0.035	0.178	0.037	0.192	0.036	0.182	0.035	0.187	Spectrum Read#3

Spectrum
Wavelength 4 (500 nm)
	1	2	3	4	5	6	7	8	9	10	11	12
A	0.211	0.034	0.211	0.036	0.209	0.034	0.204	0.034	0.213	0.035	0.218	0.034	Spectrum Read#4
B	0.036	0.210	0.037	0.215	0.036	0.214	0.038	0.200	0.035	0.212	0.035	0.211	Spectrum Read#4
C	0.216	0.036	0.209	0.035	0.210	0.035	0.211	0.035	0.213	0.035	0.201	0.035	Spectrum Read#4
D	0.034	0.214	0.035	0.217	0.037	0.208	0.035	0.209	0.035	0.215	0.036	0.211	Spectrum Read#4
E	0.217	0.036	0.213	0.036	0.213	0.036	0.216	0.035	0.212	0.037	0.213	0.037	Spectrum Read#4
F	0.035	0.200	0.040	0.211	0.035	0.217	0.035	0.214	0.035	0.221	0.035	0.210	Spectrum Read#4
G	0.220	0.034	0.207	0.035	0.218	0.035	0.221	0.035	0.208	0.037	0.221	0.036	Spectrum Read#4
H	0.036	0.216	0.034	0.209	0.035	0.197	0.036	0.213	0.035	0.203	0.035	0.208	Spectrum Read#4

Spectrum
Wavelength 5 (530 nm)
	1	2	3	4	5	6	7	8	9	10	11	12
A	0.240	0.034	0.241	0.037	0.238	0.034	0.234	0.034	0.245	0.036	0.251	0.035	Spectrum Read#5
B	0.036	0.239	0.036	0.246	0.036	0.246	0.038	0.229	0.034	0.242	0.035	0.242	Spectrum Read#5
C	0.247	0.036	0.239	0.035	0.239	0.035	0.242	0.035	0.246	0.036	0.230	0.036	Spectrum Read#5
D	0.034	0.247	0.035	0.249	0.037	0.237	0.035	0.238	0.036	0.247	0.035	0.241	Spectrum Read#5
E	0.252	0.036	0.243	0.037	0.245	0.035	0.245	0.036	0.244	0.036	0.244	0.037	Spectrum Read#5
F	0.035	0.228	0.040	0.241	0.035	0.250	0.035	0.246	0.036	0.253	0.036	0.241	Spectrum Read#5
G	0.255	0.034	0.236	0.035	0.252	0.035	0.251	0.036	0.236	0.037	0.258	0.037	Spectrum Read#5
H	0.037	0.247	0.034	0.238	0.036	0.224	0.036	0.243	0.036	0.233	0.035	0.238	Spectrum Read#5

Spectrum
Wavelength 6 (560 nm)
	1	2	3	4	5	6	7	8	9	10	11	12
A	0.248	0.034	0.249	0.037	0.246	0.034	0.239	0.034	0.248	0.036	0.254	0.034	Spectrum Read#6
B	0.036	0.248	0.036	0.251	0.035	0.252	0.038	0.236	0.035	0.248	0.035	0.247	Spectrum Read#6
C	0.252	0.037	0.247	0.036	0.248	0.035	0.248	0.035	0.251	0.036	0.237	0.037	Spectrum Read#6
D	0.034	0.252	0.035	0.251	0.036	0.243	0.035	0.246	0.036	0.251	0.035	0.248	Spectrum Read#6
E	0.255	0.036	0.251	0.036	0.251	0.035	0.253	0.036	0.249	0.035	0.250	0.037	Spectrum Read#6
F	0.035	0.236	0.040	0.247	0.036	0.254	0.035	0.250	0.037	0.255	0.037	0.248	Spectrum Read#6
G	0.254	0.034	0.245	0.035	0.255	0.036	0.257	0.036	0.246	0.036	0.258	0.037	Spectrum Read#6
H	0.037	0.253	0.034	0.245	0.036	0.232	0.036	0.250	0.036	0.238	0.035	0.245	Spectrum Read#6

Spectrum
Wavelength 7 (590 nm)
	1	2	3	4	5	6	7	8	9	10	11	12
A	0.246	0.034	0.244	0.037	0.243	0.034	0.232	0.034	0.227	0.035	0.236	0.034	Spectrum Read#7
B	0.036	0.250	0.035	0.238	0.035	0.238	0.038	0.229	0.035	0.236	0.035	0.233	Spectrum Read#7
C	0.238	0.037	0.244	0.037	0.246	0.035	0.239	0.035	0.237	0.036	0.235	0.037	Spectrum Read#7
D	0.034	0.237	0.036	0.233	0.035	0.240	0.035	0.242	0.036	0.239	0.035	0.241	Spectrum Read#7
E	0.234	0.035	0.249	0.035	0.239	0.036	0.250	0.035	0.236	0.035	0.238	0.037	Spectrum Read#7
F	0.035	0.232	0.040	0.241	0.037	0.235	0.035	0.234	0.036	0.238	0.037	0.241	Spectrum Read#7
G	0.226	0.035	0.245	0.034	0.237	0.037	0.252	0.036	0.246	0.035	0.228	0.037	Spectrum Read#7
H	0.037	0.243	0.034	0.242	0.036	0.229	0.037	0.245	0.037	0.229	0.036	0.238	Spectrum Read#7

Spectrum
Wavelength 8 (620 nm)
	1	2	3	4	5	6	7	8	9	10	11	12
A	0.225	0.033	0.222	0.037	0.222	0.034	0.209	0.034	0.198	0.035	0.207	0.034	Spectrum Read#8
B	0.035	0.230	0.035	0.212	0.034	0.212	0.037	0.207	0.034	0.211	0.035	0.207	Spectrum Read#8
C	0.212	0.037	0.222	0.036	0.225	0.035	0.214	0.034	0.210	0.036	0.214	0.036	Spectrum Read#8
D	0.034	0.209	0.035	0.205	0.035	0.219	0.034	0.220	0.036	0.212	0.035	0.218	Spectrum Read#8
E	0.204	0.034	0.228	0.034	0.212	0.036	0.228	0.035	0.210	0.034	0.213	0.036	Spectrum Read#8
F	0.035	0.210	0.039	0.218	0.036	0.205	0.034	0.206	0.035	0.209	0.037	0.217	Spectrum Read#8
G	0.192	0.034	0.224	0.034	0.208	0.037	0.229	0.036	0.225	0.035	0.193	0.037	Spectrum Read#8
H	0.037	0.217	0.034	0.220	0.035	0.209	0.037	0.222	0.037	0.206	0.035	0.214	Spectrum Read#8

Spectrum
Wavelength 9 (650 nm)
	1	2	3	4	5	6	7	8	9	10	11	12
A	0.320	0.033	0.316	0.036	0.316	0.033	0.295	0.033	0.275	0.034	0.288	0.033	Spectrum Read#9
B	0.034	0.329	0.034	0.299	0.033	0.297	0.037	0.294	0.034	0.298	0.034	0.291	Spectrum Read#9
C	0.298	0.036	0.315	0.036	0.321	0.034	0.303	0.033	0.295	0.035	0.305	0.036	Spectrum Read#9
D	0.034	0.294	0.035	0.286	0.035	0.308	0.034	0.313	0.035	0.298	0.035	0.308	Spectrum Read#9
E	0.283	0.033	0.324	0.034	0.297	0.035	0.322	0.034	0.296	0.034	0.299	0.035	Spectrum Read#9
F	0.034	0.301	0.038	0.310	0.035	0.285	0.034	0.289	0.034	0.292	0.036	0.307	Spectrum Read#9
G	0.264	0.034	0.320	0.034	0.290	0.035	0.322	0.034	0.321	0.034	0.264	0.036	Spectrum Read#9
H	0.036	0.307	0.033	0.314	0.034	0.299	0.035	0.316	0.036	0.290	0.034	0.304	Spectrum Read#9

Spectrum
Wavelength 10 (680 nm)
	1	2	3	4	5	6	7	8	9	10	11	12
A	0.110	0.032	0.108	0.035	0.109	0.032	0.103	0.032	0.098	0.033	0.103	0.033	Spectrum Read#10
B	0.033	0.110	0.033	0.103	0.033	0.104	0.036	0.102	0.033	0.105	0.034	0.103	Spectrum Read#10
C	0.103	0.035	0.109	0.035	0.110	0.034	0.104	0.032	0.102	0.035	0.105	0.035	Spectrum Read#10
D	0.033	0.103	0.034	0.102	0.035	0.110	0.033	0.107	0.035	0.105	0.035	0.106	Spectrum Read#10
E	0.102	0.033	0.113	0.033	0.103	0.033	0.114	0.034	0.103	0.034	0.106	0.034	Spectrum Read#10
F	0.033	0.103	0.037	0.106	0.034	0.101	0.033	0.102	0.033	0.106	0.035	0.107	Spectrum Read#10
G	0.096	0.033	0.108	0.033	0.103	0.034	0.116	0.033	0.108	0.034	0.097	0.035	Spectrum Read#10
H	0.036	0.106	0.033	0.106	0.032	0.102	0.034	0.109	0.036	0.102	0.034	0.104	Spectrum Read#10

