Spectrum
Wavelength 1 (410 nm)
	1	2	3	4	5	6	7	8	9	10	11	12
A	0.201	0.038	0.197	0.039	0.202	0.040	0.205	0.039	0.204	0.039	0.203	0.039	Spectrum Read#1
B	0.040	0.203	0.040	0.204	0.039	0.207	0.039	0.204	0.039	0.204	0.040	0.208	Spectrum Read#1
C	0.204	0.040	0.204	0.039	0.204	0.039	0.208	0.039	0.204	0.040	0.208	0.039	Spectrum Read#1
D	0.040	0.203	0.039	0.204	0.040	0.202	0.039	0.204	0.040	0.206	0.039	0.200	Spectrum Read#1
E	0.203	0.040	0.201	0.040	0.202	0.039	0.203	0.039	0.203	0.039	0.203	0.040	Spectrum Read#1
F	0.040	0.198	0.040	0.203	0.039	0.204	0.039	0.199	0.040	0.203	0.039	0.204	Spectrum Read#1
G	0.203	0.039	0.206	0.039	0.205	0.039	0.202	0.040	0.206	0.039	0.202	0.039	Spectrum Read#1
H	0.039	0.203	0.040	0.204	0.039	0.201	0.039	0.205	0.039	0.203	0.039	0.200	Spectrum Read#1

Spectrum
Wavelength 2 (440 nm)
	1	2	3	4	5	6	7	8	9	10	11	12
A	0.189	0.036	0.185	0.038	0.190	0.038	0.193	0.037	0.191	0.037	0.190	0.037	Spectrum Read#2
B	0.037	0.191	0.039	0.192	0.037	0.194	0.037	0.191	0.037	0.191	0.038	0.194	Spectrum Read#2
C	0.192	0.038	0.191	0.038	0.192	0.037	0.194	0.037	0.192	0.038	0.194	0.038	Spectrum Read#2
D	0.039	0.191	0.039	0.191	0.037	0.189	0.037	0.190	0.037	0.194	0.038	0.188	Spectrum Read#2
E	0.191	0.037	0.190	0.037	0.189	0.037	0.190	0.038	0.191	0.038	0.191	0.039	Spectrum Read#2
F	0.038	0.186	0.039	0.189	0.038	0.191	0.037	0.186	0.038	0.190	0.037	0.192	Spectrum Read#2
G	0.190	0.037	0.192	0.038	0.193	0.038	0.190	0.039	0.193	0.037	0.190	0.037	Spectrum Read#2
H	0.037	0.190	0.039	0.192	0.037	0.190	0.037	0.192	0.037	0.191	0.037	0.189	Spectrum Read#2

Spectrum
Wavelength 3 (470 nm)
	1	2	3	4	5	6	7	8	9	10	11	12
A	0.186	0.036	0.185	0.037	0.192	0.037	0.189	0.036	0.190	0.037	0.191	0.036	Spectrum Read#3
B	0.037	0.191	0.039	0.190	0.036	0.191	0.036	0.188	0.037	0.189	0.037	0.190	Spectrum Read#3
C	0.192	0.036	0.187	0.036	0.187	0.036	0.192	0.036	0.189	0.037	0.188	0.037	Spectrum Read#3
D	0.038	0.189	0.038	0.189	0.036	0.189	0.036	0.183	0.036	0.192	0.038	0.188	Spectrum Read#3
E	0.191	0.036	0.191	0.036	0.186	0.036	0.188	0.038	0.186	0.038	0.188	0.038	Spectrum Read#3
F	0.038	0.186	0.037	0.186	0.038	0.188	0.036	0.187	0.036	0.187	0.036	0.191	Spectrum Read#3
G	0.188	0.035	0.190	0.037	0.187	0.037	0.188	0.038	0.190	0.036	0.190	0.036	Spectrum Read#3
H	0.037	0.187	0.038	0.193	0.036	0.191	0.037	0.190	0.036	0.191	0.036	0.189	Spectrum Read#3

Spectrum
Wavelength 4 (500 nm)
	1	2	3	4	5	6	7	8	9	10	11	12
A	0.210	0.036	0.212	0.037	0.223	0.036	0.213	0.036	0.216	0.036	0.222	0.036	Spectrum Read#4
B	0.037	0.219	0.038	0.215	0.036	0.216	0.035	0.211	0.037	0.211	0.038	0.214	Spectrum Read#4
C	0.220	0.035	0.211	0.035	0.208	0.035	0.216	0.035	0.212	0.035	0.206	0.037	Spectrum Read#4
D	0.036	0.215	0.036	0.213	0.036	0.218	0.035	0.202	0.037	0.214	0.036	0.215	Spectrum Read#4
E	0.220	0.036	0.219	0.037	0.207	0.035	0.212	0.036	0.209	0.037	0.213	0.037	Spectrum Read#4
F	0.037	0.214	0.036	0.212	0.036	0.212	0.035	0.212	0.036	0.209	0.036	0.219	Spectrum Read#4
G	0.213	0.035	0.214	0.036	0.205	0.036	0.212	0.036	0.211	0.036	0.220	0.035	Spectrum Read#4
H	0.036	0.210	0.036	0.220	0.036	0.219	0.036	0.216	0.037	0.218	0.036	0.217	Spectrum Read#4

Spectrum
Wavelength 5 (530 nm)
	1	2	3	4	5	6	7	8	9	10	11	12
A	0.241	0.036	0.244	0.037	0.258	0.036	0.243	0.036	0.249	0.037	0.257	0.036	Spectrum Read#5
B	0.037	0.252	0.037	0.247	0.036	0.248	0.035	0.241	0.037	0.241	0.039	0.244	Spectrum Read#5
C	0.252	0.035	0.243	0.036	0.238	0.035	0.246	0.035	0.243	0.036	0.235	0.037	Spectrum Read#5
D	0.036	0.249	0.035	0.243	0.037	0.252	0.035	0.230	0.037	0.244	0.035	0.247	Spectrum Read#5
E	0.254	0.037	0.252	0.037	0.237	0.035	0.243	0.035	0.240	0.036	0.244	0.037	Spectrum Read#5
F	0.038	0.247	0.035	0.244	0.035	0.243	0.035	0.241	0.038	0.237	0.036	0.252	Spectrum Read#5
G	0.244	0.035	0.244	0.035	0.233	0.036	0.243	0.037	0.240	0.036	0.255	0.035	Spectrum Read#5
H	0.037	0.240	0.035	0.253	0.037	0.253	0.036	0.247	0.037	0.250	0.036	0.250	Spectrum Read#5

Spectrum
Wavelength 6 (560 nm)
	1	2	3	4	5	6	7	8	9	10	11	12
A	0.249	0.036	0.249	0.037	0.259	0.036	0.250	0.036	0.254	0.037	0.258	0.036	Spectrum Read#6
B	0.037	0.256	0.036	0.252	0.035	0.254	0.035	0.249	0.037	0.249	0.039	0.252	Spectrum Read#6
C	0.255	0.036	0.251	0.037	0.246	0.035	0.252	0.036	0.250	0.036	0.246	0.037	Spectrum Read#6
D	0.035	0.254	0.035	0.248	0.036	0.254	0.036	0.241	0.036	0.250	0.036	0.250	Spectrum Read#6
E	0.256	0.038	0.254	0.037	0.246	0.035	0.249	0.037	0.249	0.035	0.250	0.036	Spectrum Read#6
F	0.038	0.249	0.035	0.249	0.036	0.249	0.036	0.246	0.037	0.245	0.036	0.256	Spectrum Read#6
G	0.250	0.035	0.251	0.036	0.245	0.036	0.248	0.038	0.249	0.036	0.256	0.035	Spectrum Read#6
H	0.037	0.247	0.036	0.255	0.038	0.255	0.036	0.253	0.037	0.253	0.036	0.252	Spectrum Read#6

Spectrum
Wavelength 7 (590 nm)
	1	2	3	4	5	6	7	8	9	10	11	12
A	0.242	0.037	0.232	0.037	0.231	0.036	0.241	0.036	0.239	0.037	0.233	0.036	Spectrum Read#7
B	0.037	0.237	0.036	0.239	0.035	0.244	0.035	0.243	0.036	0.243	0.039	0.246	Spectrum Read#7
C	0.235	0.037	0.242	0.037	0.243	0.035	0.241	0.036	0.242	0.038	0.251	0.037	Spectrum Read#7
D	0.035	0.236	0.036	0.241	0.036	0.233	0.036	0.248	0.036	0.243	0.037	0.231	Spectrum Read#7
E	0.232	0.038	0.232	0.036	0.243	0.035	0.239	0.037	0.243	0.036	0.239	0.036	Spectrum Read#7
F	0.038	0.228	0.036	0.238	0.037	0.239	0.036	0.232	0.036	0.242	0.036	0.238	Spectrum Read#7
G	0.238	0.035	0.242	0.037	0.249	0.037	0.237	0.038	0.246	0.035	0.230	0.035	Spectrum Read#7
H	0.037	0.240	0.035	0.235	0.038	0.230	0.037	0.240	0.037	0.234	0.036	0.231	Spectrum Read#7

Spectrum
Wavelength 8 (620 nm)
	1	2	3	4	5	6	7	8	9	10	11	12
A	0.217	0.037	0.203	0.037	0.196	0.036	0.216	0.036	0.211	0.037	0.200	0.036	Spectrum Read#8
B	0.036	0.207	0.035	0.212	0.035	0.218	0.035	0.218	0.035	0.219	0.038	0.222	Spectrum Read#8
C	0.205	0.037	0.217	0.037	0.221	0.035	0.215	0.036	0.217	0.038	0.231	0.037	Spectrum Read#8
D	0.035	0.207	0.037	0.217	0.035	0.201	0.035	0.229	0.034	0.219	0.037	0.201	Spectrum Read#8
E	0.200	0.038	0.201	0.035	0.219	0.035	0.213	0.037	0.218	0.036	0.213	0.035	Spectrum Read#8
F	0.037	0.198	0.037	0.211	0.037	0.212	0.035	0.205	0.035	0.220	0.036	0.209	Spectrum Read#8
G	0.211	0.034	0.217	0.036	0.229	0.036	0.210	0.037	0.223	0.035	0.197	0.035	Spectrum Read#8
H	0.036	0.215	0.035	0.204	0.038	0.197	0.037	0.214	0.036	0.203	0.035	0.200	Spectrum Read#8

Spectrum
Wavelength 9 (650 nm)
	1	2	3	4	5	6	7	8	9	10	11	12
A	0.309	0.037	0.286	0.036	0.271	0.035	0.306	0.035	0.297	0.037	0.278	0.036	Spectrum Read#9
B	0.036	0.290	0.035	0.300	0.034	0.309	0.034	0.312	0.035	0.313	0.037	0.315	Spectrum Read#9
C	0.285	0.037	0.306	0.037	0.316	0.034	0.303	0.036	0.308	0.038	0.332	0.036	Spectrum Read#9
D	0.034	0.291	0.037	0.309	0.034	0.281	0.035	0.332	0.035	0.313	0.037	0.280	Spectrum Read#9
E	0.277	0.037	0.281	0.035	0.313	0.034	0.302	0.036	0.310	0.036	0.300	0.034	Spectrum Read#9
F	0.037	0.274	0.037	0.298	0.036	0.300	0.035	0.286	0.034	0.315	0.035	0.291	Spectrum Read#9
G	0.297	0.034	0.308	0.036	0.328	0.035	0.295	0.036	0.317	0.035	0.271	0.035	Spectrum Read#9
H	0.036	0.305	0.034	0.285	0.037	0.270	0.036	0.299	0.036	0.283	0.035	0.276	Spectrum Read#9

Spectrum
Wavelength 10 (680 nm)
	1	2	3	4	5	6	7	8	9	10	11	12
A	0.109	0.036	0.104	0.036	0.100	0.035	0.108	0.035	0.107	0.036	0.103	0.035	Spectrum Read#10
B	0.035	0.104	0.034	0.106	0.034	0.108	0.034	0.109	0.034	0.109	0.036	0.112	Spectrum Read#10
C	0.103	0.037	0.110	0.036	0.111	0.034	0.109	0.036	0.110	0.037	0.116	0.035	Spectrum Read#10
D	0.034	0.106	0.037	0.110	0.034	0.102	0.034	0.113	0.035	0.111	0.037	0.102	Spectrum Read#10
E	0.102	0.035	0.104	0.035	0.109	0.034	0.107	0.035	0.108	0.036	0.108	0.034	Spectrum Read#10
F	0.037	0.100	0.037	0.106	0.035	0.106	0.034	0.104	0.034	0.111	0.034	0.106	Spectrum Read#10
G	0.106	0.033	0.109	0.034	0.113	0.034	0.105	0.034	0.111	0.034	0.100	0.034	Spectrum Read#10
H	0.035	0.107	0.034	0.103	0.036	0.100	0.035	0.110	0.035	0.103	0.034	0.102	Spectrum Read#10

