Spectrum
Wavelength 1 (410 nm)
	1	2	3	4	5	6	7	8	9	10	11	12
A	0.215	0.038	0.214	0.037	0.217	0.039	0.218	0.038	0.205	0.038	0.215	0.037	Spectrum Read#1
B	0.037	0.220	0.037	0.216	0.039	0.221	0.037	0.219	0.037	0.218	0.038	0.216	Spectrum Read#1
C	0.226	0.039	0.227	0.038	0.226	0.039	0.218	0.038	0.220	0.039	0.223	0.039	Spectrum Read#1
D	0.038	0.223	0.038	0.207	0.038	0.222	0.038	0.221	0.037	0.221	0.038	0.220	Spectrum Read#1
E	0.220	0.046	0.221	0.038	0.211	0.039	0.221	0.038	0.217	0.038	0.226	0.037	Spectrum Read#1
F	0.039	0.223	0.038	0.211	0.038	0.227	0.040	0.219	0.039	0.222	0.038	0.220	Spectrum Read#1
G	0.222	0.038	0.223	0.038	0.224	0.039	0.222	0.038	0.223	0.038	0.229	0.038	Spectrum Read#1
H	0.038	0.225	0.038	0.221	0.038	0.225	0.038	0.219	0.037	0.221	0.038	0.221	Spectrum Read#1

Spectrum
Wavelength 2 (440 nm)
	1	2	3	4	5	6	7	8	9	10	11	12
A	0.200	0.037	0.200	0.036	0.203	0.038	0.204	0.036	0.201	0.037	0.202	0.036	Spectrum Read#2
B	0.036	0.205	0.037	0.202	0.038	0.206	0.036	0.206	0.036	0.203	0.037	0.202	Spectrum Read#2
C	0.210	0.038	0.213	0.037	0.211	0.037	0.204	0.037	0.205	0.038	0.209	0.037	Spectrum Read#2
D	0.036	0.209	0.037	0.194	0.037	0.208	0.037	0.206	0.037	0.206	0.037	0.205	Spectrum Read#2
E	0.206	0.044	0.207	0.037	0.198	0.038	0.207	0.037	0.203	0.037	0.211	0.036	Spectrum Read#2
F	0.038	0.208	0.036	0.198	0.037	0.212	0.038	0.205	0.037	0.208	0.037	0.205	Spectrum Read#2
G	0.207	0.037	0.210	0.037	0.210	0.038	0.208	0.037	0.208	0.038	0.215	0.037	Spectrum Read#2
H	0.037	0.210	0.037	0.207	0.037	0.210	0.037	0.205	0.036	0.206	0.037	0.206	Spectrum Read#2

Spectrum
Wavelength 3 (470 nm)
	1	2	3	4	5	6	7	8	9	10	11	12
A	0.198	0.036	0.198	0.035	0.200	0.037	0.201	0.035	0.236	0.036	0.198	0.035	Spectrum Read#3
B	0.035	0.197	0.035	0.197	0.037	0.201	0.036	0.205	0.035	0.197	0.036	0.198	Spectrum Read#3
C	0.203	0.036	0.209	0.036	0.207	0.036	0.205	0.036	0.204	0.036	0.203	0.036	Spectrum Read#3
D	0.035	0.205	0.036	0.196	0.035	0.208	0.035	0.204	0.035	0.203	0.036	0.199	Spectrum Read#3
E	0.202	0.043	0.207	0.035	0.194	0.037	0.204	0.036	0.202	0.036	0.204	0.035	Spectrum Read#3
F	0.036	0.202	0.035	0.196	0.036	0.207	0.037	0.205	0.036	0.205	0.036	0.198	Spectrum Read#3
G	0.200	0.036	0.209	0.036	0.209	0.036	0.206	0.036	0.200	0.036	0.211	0.035	Spectrum Read#3
H	0.037	0.202	0.035	0.201	0.036	0.206	0.036	0.203	0.035	0.201	0.036	0.199	Spectrum Read#3

Spectrum
Wavelength 4 (500 nm)
	1	2	3	4	5	6	7	8	9	10	11	12
A	0.225	0.036	0.226	0.035	0.227	0.037	0.227	0.035	0.314	0.036	0.224	0.035	Spectrum Read#4
B	0.035	0.217	0.035	0.220	0.036	0.225	0.035	0.236	0.035	0.219	0.035	0.222	Spectrum Read#4
C	0.226	0.036	0.236	0.035	0.235	0.035	0.238	0.035	0.234	0.036	0.226	0.036	Spectrum Read#4
D	0.035	0.232	0.035	0.230	0.035	0.241	0.035	0.233	0.035	0.232	0.035	0.220	Spectrum Read#4
E	0.229	0.042	0.240	0.035	0.219	0.036	0.231	0.035	0.232	0.035	0.226	0.035	Spectrum Read#4
F	0.036	0.226	0.035	0.225	0.035	0.234	0.036	0.237	0.036	0.233	0.035	0.218	Spectrum Read#4
G	0.221	0.036	0.240	0.035	0.241	0.036	0.235	0.036	0.219	0.036	0.237	0.035	Spectrum Read#4
H	0.037	0.221	0.035	0.225	0.036	0.233	0.035	0.232	0.035	0.224	0.035	0.221	Spectrum Read#4

Spectrum
Wavelength 5 (530 nm)
	1	2	3	4	5	6	7	8	9	10	11	12
A	0.260	0.036	0.262	0.035	0.261	0.036	0.261	0.035	0.377	0.035	0.258	0.035	Spectrum Read#5
B	0.035	0.248	0.035	0.253	0.036	0.258	0.035	0.274	0.035	0.251	0.035	0.255	Spectrum Read#5
C	0.258	0.036	0.271	0.035	0.270	0.035	0.277	0.035	0.271	0.036	0.258	0.036	Spectrum Read#5
D	0.035	0.267	0.035	0.268	0.035	0.279	0.035	0.269	0.035	0.268	0.035	0.251	Spectrum Read#5
E	0.263	0.042	0.278	0.035	0.251	0.036	0.266	0.035	0.269	0.035	0.258	0.035	Spectrum Read#5
F	0.035	0.259	0.035	0.261	0.035	0.268	0.036	0.274	0.036	0.267	0.035	0.248	Spectrum Read#5
G	0.252	0.036	0.278	0.035	0.279	0.035	0.271	0.036	0.249	0.036	0.271	0.035	Spectrum Read#5
H	0.037	0.251	0.035	0.258	0.036	0.267	0.035	0.267	0.035	0.257	0.035	0.252	Spectrum Read#5

Spectrum
Wavelength 6 (560 nm)
	1	2	3	4	5	6	7	8	9	10	11	12
A	0.268	0.036	0.269	0.035	0.269	0.036	0.269	0.035	0.330	0.036	0.266	0.035	Spectrum Read#6
B	0.035	0.262	0.035	0.264	0.037	0.269	0.035	0.278	0.035	0.263	0.035	0.264	Spectrum Read#6
C	0.270	0.036	0.279	0.035	0.278	0.036	0.280	0.035	0.276	0.036	0.269	0.036	Spectrum Read#6
D	0.035	0.276	0.035	0.269	0.035	0.282	0.035	0.275	0.035	0.275	0.035	0.262	Spectrum Read#6
E	0.271	0.042	0.282	0.035	0.259	0.036	0.273	0.035	0.275	0.035	0.270	0.035	Spectrum Read#6
F	0.035	0.270	0.035	0.266	0.035	0.277	0.036	0.278	0.036	0.274	0.035	0.261	Spectrum Read#6
G	0.265	0.036	0.282	0.035	0.282	0.036	0.277	0.036	0.263	0.036	0.280	0.035	Spectrum Read#6
H	0.037	0.266	0.035	0.269	0.037	0.276	0.035	0.273	0.036	0.267	0.036	0.264	Spectrum Read#6

Spectrum
Wavelength 7 (590 nm)
	1	2	3	4	5	6	7	8	9	10	11	12
A	0.254	0.035	0.253	0.035	0.258	0.036	0.259	0.035	0.166	0.035	0.255	0.034	Spectrum Read#7
B	0.034	0.269	0.034	0.262	0.036	0.265	0.034	0.254	0.034	0.265	0.035	0.258	Spectrum Read#7
C	0.274	0.035	0.266	0.035	0.266	0.035	0.251	0.035	0.254	0.035	0.268	0.035	Spectrum Read#7
D	0.035	0.265	0.035	0.235	0.034	0.255	0.035	0.260	0.035	0.260	0.035	0.265	Spectrum Read#7
E	0.261	0.042	0.255	0.035	0.250	0.036	0.259	0.035	0.255	0.035	0.272	0.034	Spectrum Read#7
F	0.035	0.267	0.035	0.246	0.035	0.268	0.036	0.252	0.035	0.260	0.035	0.267	Spectrum Read#7
G	0.270	0.035	0.258	0.035	0.257	0.035	0.259	0.035	0.272	0.035	0.271	0.035	Spectrum Read#7
H	0.037	0.275	0.035	0.266	0.036	0.268	0.035	0.257	0.035	0.265	0.035	0.268	Spectrum Read#7

Spectrum
Wavelength 8 (620 nm)
	1	2	3	4	5	6	7	8	9	10	11	12
A	0.224	0.035	0.222	0.034	0.229	0.035	0.231	0.034	0.066	0.035	0.227	0.034	Spectrum Read#8
B	0.035	0.249	0.034	0.237	0.036	0.239	0.034	0.220	0.034	0.242	0.035	0.232	Spectrum Read#8
C	0.251	0.035	0.236	0.034	0.236	0.035	0.214	0.035	0.221	0.035	0.243	0.035	Spectrum Read#8
D	0.034	0.236	0.034	0.197	0.034	0.219	0.035	0.229	0.034	0.229	0.035	0.243	Spectrum Read#8
E	0.232	0.041	0.218	0.035	0.223	0.036	0.229	0.035	0.221	0.034	0.249	0.034	Spectrum Read#8
F	0.035	0.241	0.034	0.214	0.035	0.238	0.036	0.217	0.035	0.230	0.035	0.246	Spectrum Read#8
G	0.248	0.035	0.223	0.035	0.221	0.035	0.227	0.035	0.252	0.035	0.243	0.034	Spectrum Read#8
H	0.037	0.255	0.035	0.240	0.036	0.239	0.035	0.226	0.035	0.240	0.035	0.245	Spectrum Read#8

Spectrum
Wavelength 9 (650 nm)
	1	2	3	4	5	6	7	8	9	10	11	12
A	0.322	0.034	0.317	0.033	0.329	0.035	0.331	0.034	0.049	0.034	0.325	0.033	Spectrum Read#9
B	0.033	0.365	0.033	0.346	0.035	0.347	0.034	0.310	0.034	0.354	0.034	0.334	Spectrum Read#9
C	0.366	0.034	0.336	0.034	0.337	0.034	0.300	0.034	0.311	0.034	0.352	0.034	Spectrum Read#9
D	0.033	0.341	0.033	0.273	0.033	0.307	0.034	0.327	0.034	0.328	0.034	0.352	Spectrum Read#9
E	0.332	0.040	0.305	0.034	0.320	0.035	0.326	0.034	0.315	0.034	0.361	0.033	Spectrum Read#9
F	0.034	0.350	0.033	0.303	0.034	0.342	0.035	0.305	0.034	0.327	0.034	0.358	Spectrum Read#9
G	0.361	0.034	0.313	0.034	0.310	0.034	0.321	0.034	0.369	0.034	0.346	0.033	Spectrum Read#9
H	0.036	0.373	0.033	0.347	0.035	0.343	0.034	0.319	0.034	0.347	0.034	0.357	Spectrum Read#9

Spectrum
Wavelength 10 (680 nm)
	1	2	3	4	5	6	7	8	9	10	11	12
A	0.112	0.034	0.110	0.033	0.113	0.034	0.114	0.033	0.043	0.034	0.113	0.033	Spectrum Read#10
B	0.033	0.121	0.033	0.117	0.035	0.117	0.033	0.110	0.033	0.118	0.034	0.114	Spectrum Read#10
C	0.122	0.034	0.118	0.033	0.118	0.034	0.108	0.033	0.112	0.034	0.120	0.034	Spectrum Read#10
D	0.033	0.116	0.033	0.100	0.033	0.110	0.034	0.113	0.033	0.113	0.034	0.119	Spectrum Read#10
E	0.114	0.040	0.111	0.033	0.111	0.034	0.114	0.033	0.111	0.034	0.122	0.033	Spectrum Read#10
F	0.034	0.119	0.033	0.107	0.034	0.118	0.034	0.109	0.034	0.115	0.034	0.120	Spectrum Read#10
G	0.121	0.034	0.112	0.033	0.111	0.034	0.114	0.034	0.123	0.034	0.124	0.033	Spectrum Read#10
H	0.036	0.124	0.033	0.118	0.035	0.117	0.034	0.113	0.034	0.118	0.034	0.121	Spectrum Read#10

