Spectrum
Wavelength 1 (410 nm)
	1	2	3	4	5	6	7	8	9	10	11	12
A	0.207	0.037	0.216	0.037	0.214	0.037	0.214	0.038	0.208	0.037	0.203	0.038	Spectrum Read#1
B	0.037	0.213	0.038	0.216	0.038	0.213	0.038	0.216	0.038	0.213	0.038	0.213	Spectrum Read#1
C	0.214	0.038	0.217	0.038	0.211	0.040	0.215	0.038	0.218	0.038	0.218	0.038	Spectrum Read#1
D	0.038	0.219	0.038	0.217	0.038	0.217	0.038	0.215	0.038	0.219	0.038	0.218	Spectrum Read#1
E	0.219	0.039	0.213	0.038	0.222	0.038	0.221	0.038	0.214	0.038	0.225	0.038	Spectrum Read#1
F	0.038	0.212	0.038	0.210	0.038	0.216	0.038	0.217	0.038	0.217	0.039	0.218	Spectrum Read#1
G	0.208	0.038	0.218	0.037	0.216	0.038	0.220	0.038	0.219	0.039	0.221	0.038	Spectrum Read#1
H	0.037	0.216	0.037	0.209	0.037	0.211	0.038	0.218	0.037	0.225	0.038	0.216	Spectrum Read#1

Spectrum
Wavelength 2 (440 nm)
	1	2	3	4	5	6	7	8	9	10	11	12
A	0.194	0.035	0.203	0.036	0.201	0.036	0.201	0.037	0.195	0.036	0.201	0.037	Spectrum Read#2
B	0.036	0.201	0.037	0.203	0.036	0.201	0.037	0.203	0.037	0.201	0.037	0.200	Spectrum Read#2
C	0.202	0.036	0.204	0.036	0.199	0.038	0.203	0.036	0.205	0.036	0.205	0.036	Spectrum Read#2
D	0.036	0.206	0.036	0.204	0.037	0.204	0.036	0.203	0.036	0.206	0.036	0.205	Spectrum Read#2
E	0.206	0.037	0.200	0.037	0.209	0.037	0.207	0.037	0.202	0.036	0.210	0.037	Spectrum Read#2
F	0.036	0.199	0.035	0.197	0.036	0.204	0.036	0.204	0.036	0.205	0.037	0.205	Spectrum Read#2
G	0.195	0.036	0.206	0.036	0.204	0.037	0.208	0.036	0.206	0.037	0.207	0.036	Spectrum Read#2
H	0.035	0.204	0.036	0.196	0.035	0.198	0.036	0.205	0.036	0.212	0.037	0.203	Spectrum Read#2

Spectrum
Wavelength 3 (470 nm)
	1	2	3	4	5	6	7	8	9	10	11	12
A	0.190	0.034	0.199	0.035	0.199	0.035	0.197	0.037	0.190	0.035	0.233	0.036	Spectrum Read#3
B	0.035	0.200	0.036	0.198	0.035	0.199	0.036	0.199	0.036	0.198	0.037	0.195	Spectrum Read#3
C	0.196	0.035	0.202	0.035	0.197	0.037	0.202	0.035	0.202	0.036	0.201	0.035	Spectrum Read#3
D	0.036	0.202	0.035	0.202	0.036	0.201	0.036	0.203	0.036	0.202	0.035	0.199	Spectrum Read#3
E	0.201	0.037	0.196	0.035	0.205	0.036	0.201	0.035	0.200	0.036	0.201	0.036	Spectrum Read#3
F	0.035	0.198	0.035	0.193	0.035	0.203	0.035	0.199	0.036	0.202	0.036	0.197	Spectrum Read#3
G	0.192	0.035	0.204	0.035	0.207	0.035	0.204	0.035	0.203	0.035	0.203	0.035	Spectrum Read#3
H	0.034	0.201	0.036	0.194	0.034	0.194	0.035	0.200	0.035	0.203	0.037	0.200	Spectrum Read#3

Spectrum
Wavelength 4 (500 nm)
	1	2	3	4	5	6	7	8	9	10	11	12
A	0.210	0.034	0.221	0.035	0.224	0.034	0.219	0.036	0.210	0.035	0.302	0.036	Spectrum Read#4
B	0.035	0.226	0.035	0.220	0.035	0.225	0.036	0.223	0.036	0.223	0.036	0.216	Spectrum Read#4
C	0.217	0.035	0.227	0.035	0.223	0.037	0.231	0.035	0.227	0.035	0.225	0.035	Spectrum Read#4
D	0.036	0.225	0.034	0.228	0.036	0.225	0.035	0.233	0.035	0.226	0.035	0.221	Spectrum Read#4
E	0.224	0.036	0.217	0.034	0.231	0.035	0.221	0.035	0.226	0.036	0.218	0.035	Spectrum Read#4
F	0.035	0.224	0.035	0.216	0.035	0.230	0.035	0.220	0.035	0.228	0.035	0.214	Spectrum Read#4
G	0.214	0.035	0.229	0.035	0.243	0.034	0.228	0.035	0.227	0.035	0.228	0.035	Spectrum Read#4
H	0.034	0.224	0.036	0.218	0.034	0.215	0.036	0.222	0.035	0.219	0.037	0.223	Spectrum Read#4

Spectrum
Wavelength 5 (530 nm)
	1	2	3	4	5	6	7	8	9	10	11	12
A	0.239	0.034	0.252	0.035	0.258	0.034	0.250	0.036	0.239	0.035	0.361	0.036	Spectrum Read#5
B	0.035	0.260	0.035	0.252	0.035	0.259	0.036	0.255	0.036	0.255	0.036	0.247	Spectrum Read#5
C	0.247	0.035	0.261	0.035	0.256	0.037	0.266	0.035	0.261	0.035	0.258	0.035	Spectrum Read#5
D	0.035	0.257	0.035	0.261	0.035	0.258	0.035	0.270	0.035	0.258	0.035	0.252	Spectrum Read#5
E	0.256	0.035	0.247	0.035	0.265	0.035	0.250	0.035	0.260	0.035	0.246	0.035	Spectrum Read#5
F	0.035	0.258	0.034	0.247	0.035	0.264	0.035	0.251	0.035	0.261	0.035	0.242	Spectrum Read#5
G	0.243	0.034	0.264	0.034	0.283	0.035	0.259	0.035	0.259	0.035	0.260	0.035	Spectrum Read#5
H	0.034	0.256	0.035	0.250	0.034	0.244	0.036	0.253	0.034	0.246	0.036	0.255	Spectrum Read#5

Spectrum
Wavelength 6 (560 nm)
	1	2	3	4	5	6	7	8	9	10	11	12
A	0.247	0.034	0.259	0.035	0.262	0.034	0.257	0.036	0.247	0.034	0.314	0.035	Spectrum Read#6
B	0.035	0.264	0.035	0.260	0.034	0.263	0.035	0.262	0.036	0.260	0.036	0.255	Spectrum Read#6
C	0.256	0.035	0.266	0.035	0.260	0.036	0.269	0.035	0.266	0.035	0.264	0.035	Spectrum Read#6
D	0.035	0.264	0.035	0.266	0.035	0.264	0.035	0.270	0.035	0.264	0.035	0.259	Spectrum Read#6
E	0.264	0.035	0.255	0.035	0.271	0.034	0.260	0.035	0.263	0.035	0.258	0.035	Spectrum Read#6
F	0.035	0.262	0.034	0.254	0.035	0.267	0.035	0.260	0.035	0.265	0.034	0.254	Spectrum Read#6
G	0.250	0.035	0.267	0.034	0.279	0.035	0.266	0.034	0.265	0.035	0.266	0.035	Spectrum Read#6
H	0.034	0.262	0.034	0.255	0.034	0.251	0.035	0.261	0.034	0.258	0.035	0.262	Spectrum Read#6

Spectrum
Wavelength 7 (590 nm)
	1	2	3	4	5	6	7	8	9	10	11	12
A	0.245	0.034	0.254	0.035	0.247	0.034	0.252	0.036	0.246	0.034	0.160	0.035	Spectrum Read#7
B	0.035	0.246	0.035	0.256	0.034	0.246	0.035	0.254	0.036	0.247	0.036	0.253	Spectrum Read#7
C	0.253	0.035	0.254	0.035	0.243	0.036	0.247	0.035	0.254	0.035	0.257	0.035	Spectrum Read#7
D	0.034	0.256	0.035	0.252	0.035	0.252	0.035	0.243	0.035	0.255	0.035	0.256	Spectrum Read#7
E	0.260	0.035	0.251	0.035	0.258	0.034	0.264	0.035	0.246	0.035	0.270	0.035	Spectrum Read#7
F	0.035	0.245	0.035	0.245	0.035	0.249	0.035	0.257	0.035	0.253	0.034	0.262	Spectrum Read#7
G	0.244	0.035	0.250	0.034	0.239	0.036	0.258	0.034	0.253	0.035	0.259	0.035	Spectrum Read#7
H	0.033	0.253	0.034	0.243	0.034	0.248	0.035	0.257	0.034	0.270	0.035	0.254	Spectrum Read#7

Spectrum
Wavelength 8 (620 nm)
	1	2	3	4	5	6	7	8	9	10	11	12
A	0.224	0.034	0.231	0.034	0.219	0.034	0.229	0.036	0.225	0.034	0.066	0.035	Spectrum Read#8
B	0.035	0.217	0.034	0.232	0.034	0.218	0.034	0.228	0.036	0.220	0.035	0.231	Spectrum Read#8
C	0.231	0.035	0.227	0.035	0.215	0.036	0.217	0.035	0.227	0.035	0.232	0.035	Spectrum Read#8
D	0.034	0.230	0.035	0.224	0.035	0.225	0.035	0.210	0.034	0.229	0.036	0.233	Spectrum Read#8
E	0.235	0.035	0.229	0.034	0.230	0.034	0.244	0.034	0.216	0.034	0.254	0.034	Spectrum Read#8
F	0.034	0.216	0.035	0.220	0.034	0.219	0.035	0.235	0.035	0.225	0.034	0.244	Spectrum Read#8
G	0.221	0.035	0.221	0.034	0.198	0.035	0.232	0.035	0.226	0.036	0.234	0.034	Spectrum Read#8
H	0.033	0.228	0.033	0.217	0.033	0.227	0.034	0.235	0.034	0.254	0.034	0.229	Spectrum Read#8

Spectrum
Wavelength 9 (650 nm)
	1	2	3	4	5	6	7	8	9	10	11	12
A	0.320	0.033	0.329	0.034	0.308	0.033	0.326	0.035	0.322	0.033	0.048	0.034	Spectrum Read#9
B	0.034	0.305	0.034	0.332	0.033	0.306	0.034	0.325	0.035	0.310	0.034	0.330	Spectrum Read#9
C	0.331	0.034	0.320	0.035	0.301	0.035	0.301	0.035	0.320	0.034	0.329	0.035	Spectrum Read#9
D	0.033	0.327	0.035	0.317	0.034	0.319	0.035	0.289	0.034	0.325	0.035	0.333	Spectrum Read#9
E	0.336	0.034	0.326	0.033	0.326	0.034	0.351	0.034	0.302	0.033	0.369	0.034	Spectrum Read#9
F	0.033	0.305	0.034	0.312	0.034	0.306	0.034	0.336	0.034	0.316	0.034	0.353	Spectrum Read#9
G	0.314	0.035	0.309	0.033	0.266	0.035	0.330	0.034	0.318	0.035	0.332	0.033	Spectrum Read#9
H	0.033	0.322	0.033	0.305	0.033	0.325	0.034	0.333	0.033	0.366	0.034	0.324	Spectrum Read#9

Spectrum
Wavelength 10 (680 nm)
	1	2	3	4	5	6	7	8	9	10	11	12
A	0.108	0.032	0.112	0.033	0.106	0.033	0.111	0.035	0.109	0.033	0.042	0.034	Spectrum Read#10
B	0.033	0.105	0.033	0.111	0.033	0.106	0.033	0.110	0.035	0.106	0.034	0.111	Spectrum Read#10
C	0.111	0.033	0.110	0.034	0.105	0.034	0.106	0.034	0.110	0.033	0.112	0.034	Spectrum Read#10
D	0.033	0.111	0.034	0.109	0.033	0.109	0.034	0.103	0.033	0.111	0.035	0.113	Spectrum Read#10
E	0.112	0.034	0.111	0.033	0.111	0.033	0.117	0.033	0.106	0.033	0.121	0.033	Spectrum Read#10
F	0.033	0.105	0.034	0.106	0.033	0.106	0.034	0.112	0.033	0.109	0.033	0.116	Spectrum Read#10
G	0.107	0.034	0.108	0.032	0.099	0.034	0.112	0.033	0.110	0.034	0.112	0.032	Spectrum Read#10
H	0.032	0.111	0.032	0.106	0.032	0.110	0.033	0.114	0.032	0.121	0.033	0.111	Spectrum Read#10

