Spectrum
Wavelength 1 (530 nm)
	1	2	3	4	5	6	7	8	9	10	11	12
A	0.323	0.037	0.321	0.036	0.320	0.042	0.312	0.040	0.304	0.037	0.313	0.036	Spectrum Read#1
B	0.037	0.307	0.037	0.314	0.053	0.310	0.036	0.306	0.036	0.295	0.036	0.303	Spectrum Read#1
C	0.311	0.037	0.308	0.036	0.319	0.037	0.305	0.037	0.299	0.037	0.297	0.037	Spectrum Read#1
D	0.036	0.312	0.036	0.317	0.036	0.320	0.041	0.289	0.036	0.307	0.036	0.293	Spectrum Read#1
E	0.326	0.036	0.322	0.037	0.314	0.037	0.326	0.037	0.304	0.038	0.306	0.036	Spectrum Read#1
F	0.036	0.306	0.036	0.316	0.036	0.318	0.036	0.414	0.036	0.298	0.036	0.304	Spectrum Read#1
G	0.330	0.037	0.315	0.036	0.316	0.036	0.323	0.039	0.300	0.036	0.296	0.040	Spectrum Read#1
H	0.037	0.324	0.039	0.302	0.038	0.306	0.037	0.306	0.036	0.300	0.037	0.040	Spectrum Read#1

Spectrum
Wavelength 2 (545 nm)
	1	2	3	4	5	6	7	8	9	10	11	12
A	0.323	0.037	0.322	0.036	0.321	0.042	0.314	0.040	0.306	0.037	0.314	0.036	Spectrum Read#2
B	0.036	0.310	0.037	0.316	0.053	0.312	0.036	0.309	0.036	0.299	0.036	0.305	Spectrum Read#2
C	0.313	0.037	0.310	0.036	0.321	0.037	0.308	0.037	0.302	0.037	0.299	0.037	Spectrum Read#2
D	0.036	0.314	0.036	0.318	0.036	0.321	0.041	0.294	0.036	0.309	0.036	0.296	Spectrum Read#2
E	0.326	0.036	0.323	0.036	0.315	0.036	0.327	0.037	0.308	0.038	0.308	0.036	Spectrum Read#2
F	0.036	0.308	0.036	0.318	0.036	0.320	0.036	0.398	0.036	0.302	0.036	0.306	Spectrum Read#2
G	0.332	0.037	0.317	0.036	0.318	0.036	0.324	0.039	0.304	0.036	0.299	0.040	Spectrum Read#2
H	0.037	0.324	0.039	0.306	0.038	0.309	0.037	0.308	0.036	0.303	0.037	0.039	Spectrum Read#2

Spectrum
Wavelength 3 (560 nm)
	1	2	3	4	5	6	7	8	9	10	11	12
A	0.313	0.037	0.313	0.036	0.314	0.042	0.309	0.039	0.303	0.037	0.309	0.036	Spectrum Read#3
B	0.036	0.307	0.037	0.309	0.052	0.308	0.036	0.304	0.036	0.298	0.036	0.301	Spectrum Read#3
C	0.309	0.037	0.306	0.036	0.314	0.036	0.303	0.037	0.299	0.036	0.297	0.036	Spectrum Read#3
D	0.036	0.308	0.036	0.311	0.036	0.313	0.041	0.295	0.036	0.304	0.036	0.294	Spectrum Read#3
E	0.316	0.036	0.315	0.036	0.310	0.036	0.317	0.037	0.305	0.038	0.303	0.036	Spectrum Read#3
F	0.036	0.304	0.036	0.313	0.036	0.313	0.036	0.358	0.036	0.301	0.036	0.301	Spectrum Read#3
G	0.326	0.037	0.310	0.036	0.311	0.036	0.315	0.038	0.302	0.036	0.297	0.040	Spectrum Read#3
H	0.036	0.313	0.039	0.302	0.038	0.305	0.037	0.303	0.035	0.300	0.037	0.039	Spectrum Read#3

Spectrum
Wavelength 4 (575 nm)
	1	2	3	4	5	6	7	8	9	10	11	12
A	0.282	0.037	0.283	0.036	0.286	0.042	0.283	0.039	0.280	0.037	0.283	0.036	Spectrum Read#4
B	0.036	0.284	0.036	0.282	0.051	0.284	0.036	0.280	0.036	0.280	0.036	0.277	Spectrum Read#4
C	0.284	0.037	0.281	0.036	0.286	0.037	0.279	0.037	0.277	0.036	0.276	0.036	Spectrum Read#4
D	0.035	0.281	0.036	0.282	0.036	0.283	0.041	0.279	0.036	0.279	0.036	0.274	Spectrum Read#4
E	0.283	0.036	0.285	0.036	0.284	0.036	0.287	0.037	0.282	0.037	0.279	0.036	Spectrum Read#4
F	0.036	0.280	0.036	0.286	0.036	0.285	0.036	0.287	0.036	0.281	0.036	0.277	Spectrum Read#4
G	0.300	0.036	0.284	0.036	0.283	0.036	0.285	0.038	0.282	0.036	0.276	0.040	Spectrum Read#4
H	0.037	0.280	0.039	0.279	0.038	0.282	0.036	0.278	0.036	0.279	0.036	0.039	Spectrum Read#4

Spectrum
Wavelength 5 (590 nm)
	1	2	3	4	5	6	7	8	9	10	11	12
A	0.257	0.037	0.260	0.036	0.268	0.041	0.271	0.039	0.272	0.037	0.270	0.036	Spectrum Read#5
B	0.036	0.278	0.037	0.266	0.051	0.275	0.036	0.270	0.036	0.281	0.036	0.268	Spectrum Read#5
C	0.273	0.037	0.272	0.036	0.269	0.036	0.268	0.036	0.270	0.037	0.273	0.036	Spectrum Read#5
D	0.035	0.266	0.036	0.263	0.036	0.263	0.040	0.285	0.036	0.267	0.036	0.271	Spectrum Read#5
E	0.255	0.036	0.263	0.036	0.270	0.036	0.262	0.037	0.276	0.037	0.267	0.036	Spectrum Read#5
F	0.036	0.269	0.036	0.272	0.036	0.269	0.035	0.180	0.035	0.280	0.036	0.265	Spectrum Read#5
G	0.284	0.036	0.269	0.036	0.265	0.036	0.262	0.038	0.280	0.036	0.272	0.040	Spectrum Read#5
H	0.037	0.251	0.039	0.272	0.038	0.274	0.036	0.264	0.036	0.274	0.036	0.039	Spectrum Read#5

Spectrum
Wavelength 6 (605 nm)
	1	2	3	4	5	6	7	8	9	10	11	12
A	0.245	0.036	0.250	0.035	0.263	0.041	0.269	0.039	0.276	0.036	0.268	0.036	Spectrum Read#6
B	0.036	0.282	0.036	0.261	0.050	0.276	0.035	0.271	0.036	0.292	0.035	0.269	Spectrum Read#6
C	0.274	0.036	0.272	0.035	0.264	0.036	0.268	0.036	0.273	0.036	0.279	0.036	Spectrum Read#6
D	0.035	0.263	0.035	0.256	0.035	0.255	0.040	0.300	0.035	0.266	0.035	0.278	Spectrum Read#6
E	0.242	0.035	0.253	0.036	0.267	0.036	0.251	0.036	0.280	0.037	0.267	0.035	Spectrum Read#6
F	0.036	0.270	0.035	0.269	0.035	0.264	0.035	0.103	0.035	0.289	0.036	0.265	Spectrum Read#6
G	0.281	0.036	0.265	0.036	0.260	0.035	0.252	0.038	0.287	0.035	0.277	0.040	Spectrum Read#6
H	0.037	0.235	0.038	0.275	0.037	0.277	0.036	0.261	0.035	0.279	0.036	0.038	Spectrum Read#6

Spectrum
Wavelength 7 (620 nm)
	1	2	3	4	5	6	7	8	9	10	11	12
A	0.206	0.036	0.210	0.035	0.222	0.040	0.228	0.038	0.233	0.036	0.227	0.035	Spectrum Read#7
B	0.035	0.239	0.035	0.221	0.049	0.234	0.035	0.229	0.035	0.248	0.035	0.228	Spectrum Read#7
C	0.232	0.036	0.231	0.035	0.223	0.036	0.227	0.036	0.231	0.035	0.237	0.035	Spectrum Read#7
D	0.035	0.222	0.035	0.216	0.035	0.214	0.040	0.256	0.035	0.225	0.035	0.236	Spectrum Read#7
E	0.203	0.035	0.214	0.035	0.226	0.035	0.211	0.036	0.238	0.037	0.226	0.035	Spectrum Read#7
F	0.035	0.229	0.035	0.228	0.035	0.223	0.035	0.071	0.035	0.246	0.035	0.225	Spectrum Read#7
G	0.240	0.036	0.224	0.035	0.220	0.035	0.212	0.037	0.243	0.035	0.236	0.039	Spectrum Read#7
H	0.036	0.197	0.038	0.233	0.037	0.235	0.035	0.221	0.035	0.237	0.036	0.038	Spectrum Read#7

Spectrum
Wavelength 8 (635 nm)
	1	2	3	4	5	6	7	8	9	10	11	12
A	0.208	0.036	0.214	0.035	0.227	0.040	0.234	0.038	0.240	0.036	0.232	0.035	Spectrum Read#8
B	0.035	0.247	0.035	0.226	0.048	0.241	0.035	0.235	0.035	0.258	0.035	0.234	Spectrum Read#8
C	0.238	0.035	0.237	0.035	0.228	0.035	0.233	0.036	0.238	0.035	0.245	0.035	Spectrum Read#8
D	0.034	0.227	0.035	0.220	0.035	0.218	0.039	0.267	0.035	0.231	0.035	0.244	Spectrum Read#8
E	0.205	0.035	0.217	0.035	0.232	0.035	0.214	0.035	0.246	0.036	0.232	0.035	Spectrum Read#8
F	0.035	0.235	0.035	0.234	0.035	0.228	0.034	0.058	0.035	0.255	0.035	0.230	Spectrum Read#8
G	0.246	0.035	0.229	0.035	0.224	0.035	0.215	0.037	0.253	0.035	0.244	0.039	Spectrum Read#8
H	0.036	0.199	0.038	0.240	0.037	0.242	0.035	0.228	0.034	0.244	0.036	0.038	Spectrum Read#8

Spectrum
Wavelength 9 (650 nm)
	1	2	3	4	5	6	7	8	9	10	11	12
A	0.268	0.036	0.277	0.035	0.295	0.040	0.307	0.038	0.318	0.036	0.305	0.035	Spectrum Read#9
B	0.035	0.327	0.035	0.294	0.048	0.317	0.035	0.311	0.035	0.345	0.035	0.309	Spectrum Read#9
C	0.313	0.035	0.313	0.035	0.297	0.035	0.307	0.036	0.316	0.035	0.325	0.035	Spectrum Read#9
D	0.035	0.297	0.035	0.286	0.035	0.283	0.039	0.358	0.035	0.304	0.035	0.325	Spectrum Read#9
E	0.264	0.035	0.280	0.035	0.303	0.035	0.276	0.036	0.325	0.036	0.304	0.035	Spectrum Read#9
F	0.035	0.310	0.035	0.305	0.035	0.297	0.035	0.051	0.035	0.339	0.035	0.301	Spectrum Read#9
G	0.317	0.035	0.300	0.035	0.293	0.035	0.278	0.037	0.336	0.035	0.324	0.039	Spectrum Read#9
H	0.036	0.254	0.038	0.318	0.037	0.319	0.035	0.298	0.035	0.324	0.036	0.327	Spectrum Read#9

Spectrum
Wavelength 10 (665 nm)
	1	2	3	4	5	6	7	8	9	10	11	12
A	0.211	0.035	0.218	0.035	0.231	0.039	0.239	0.038	0.247	0.035	0.238	0.035	Spectrum Read#10
B	0.035	0.254	0.035	0.230	0.047	0.247	0.034	0.242	0.035	0.266	0.035	0.240	Spectrum Read#10
C	0.244	0.035	0.243	0.035	0.232	0.035	0.239	0.035	0.245	0.035	0.252	0.035	Spectrum Read#10
D	0.034	0.232	0.034	0.224	0.035	0.222	0.038	0.275	0.035	0.236	0.034	0.252	Spectrum Read#10
E	0.208	0.035	0.220	0.035	0.236	0.035	0.217	0.035	0.252	0.036	0.238	0.034	Spectrum Read#10
F	0.035	0.241	0.035	0.238	0.035	0.233	0.034	0.046	0.034	0.262	0.035	0.235	Spectrum Read#10
G	0.252	0.035	0.235	0.035	0.229	0.035	0.219	0.037	0.260	0.034	0.251	0.038	Spectrum Read#10
H	0.036	0.201	0.037	0.247	0.036	0.248	0.035	0.233	0.034	0.251	0.035	0.037	Spectrum Read#10

Spectrum
Wavelength 11 (680 nm)
	1	2	3	4	5	6	7	8	9	10	11	12
A	0.102	0.035	0.104	0.034	0.110	0.039	0.111	0.038	0.114	0.035	0.112	0.035	Spectrum Read#11
B	0.034	0.117	0.035	0.109	0.046	0.114	0.034	0.113	0.035	0.120	0.035	0.112	Spectrum Read#11
C	0.114	0.035	0.113	0.034	0.110	0.035	0.112	0.035	0.114	0.035	0.116	0.035	Spectrum Read#11
D	0.034	0.110	0.034	0.107	0.034	0.107	0.038	0.124	0.035	0.111	0.034	0.115	Spectrum Read#11
E	0.101	0.035	0.106	0.035	0.111	0.035	0.105	0.035	0.117	0.036	0.111	0.034	Spectrum Read#11
F	0.034	0.112	0.034	0.113	0.034	0.111	0.034	0.042	0.034	0.120	0.034	0.111	Spectrum Read#11
G	0.128	0.035	0.111	0.035	0.109	0.034	0.106	0.036	0.119	0.034	0.116	0.038	Spectrum Read#11
H	0.036	0.099	0.037	0.114	0.037	0.116	0.035	0.111	0.034	0.116	0.035	0.037	Spectrum Read#11

