Spectrum
Wavelength 1 (410 nm)
	1	2	3	4	5	6	7	8	9	10	11	12
A	0.227	0.037	0.227	0.038	0.226	0.037	0.219	0.039	0.222	0.038	0.221	0.038	Spectrum Read#1
B	0.274	0.234	0.038	0.224	0.038	0.226	0.038	0.223	0.038	0.227	0.038	0.224	Spectrum Read#1
C	0.224	0.038	0.224	0.038	0.228	0.038	0.230	0.038	0.226	0.038	0.222	0.038	Spectrum Read#1
D	0.039	0.227	0.038	0.227	0.038	0.227	0.038	0.231	0.038	0.222	0.038	0.224	Spectrum Read#1
E	0.221	0.038	0.225	0.038	0.227	0.038	0.224	0.038	0.225	0.038	0.226	0.038	Spectrum Read#1
F	0.040	0.221	0.038	0.226	0.039	0.224	0.038	0.218	0.041	0.225	0.040	0.226	Spectrum Read#1
G	0.228	0.038	0.221	0.038	0.228	0.039	0.226	0.038	0.232	0.039	0.226	0.038	Spectrum Read#1
H	0.037	0.229	0.038	0.231	0.037	0.232	0.038	0.215	0.037	0.223	0.038	0.223	Spectrum Read#1

Spectrum
Wavelength 2 (440 nm)
	1	2	3	4	5	6	7	8	9	10	11	12
A	0.213	0.036	0.213	0.037	0.212	0.036	0.205	0.038	0.209	0.036	0.208	0.038	Spectrum Read#2
B	0.278	0.220	0.036	0.211	0.036	0.212	0.036	0.208	0.036	0.212	0.037	0.210	Spectrum Read#2
C	0.210	0.037	0.209	0.036	0.213	0.036	0.215	0.036	0.211	0.036	0.207	0.036	Spectrum Read#2
D	0.038	0.212	0.037	0.213	0.037	0.213	0.037	0.216	0.037	0.209	0.037	0.210	Spectrum Read#2
E	0.206	0.036	0.210	0.037	0.212	0.037	0.209	0.037	0.212	0.037	0.212	0.037	Spectrum Read#2
F	0.039	0.207	0.037	0.213	0.037	0.210	0.037	0.204	0.038	0.211	0.039	0.213	Spectrum Read#2
G	0.214	0.037	0.208	0.037	0.214	0.038	0.212	0.037	0.216	0.038	0.211	0.036	Spectrum Read#2
H	0.036	0.214	0.037	0.216	0.036	0.218	0.037	0.203	0.036	0.210	0.037	0.209	Spectrum Read#2

Spectrum
Wavelength 3 (470 nm)
	1	2	3	4	5	6	7	8	9	10	11	12
A	0.207	0.035	0.208	0.036	0.206	0.035	0.203	0.038	0.209	0.035	0.209	0.037	Spectrum Read#3
B	0.266	0.215	0.036	0.207	0.035	0.209	0.036	0.204	0.035	0.206	0.036	0.204	Spectrum Read#3
C	0.206	0.035	0.205	0.035	0.206	0.035	0.210	0.035	0.205	0.035	0.201	0.035	Spectrum Read#3
D	0.037	0.211	0.036	0.208	0.036	0.209	0.035	0.213	0.036	0.206	0.036	0.205	Spectrum Read#3
E	0.197	0.035	0.207	0.036	0.208	0.036	0.206	0.036	0.212	0.036	0.210	0.037	Spectrum Read#3
F	0.038	0.200	0.035	0.214	0.036	0.207	0.036	0.202	0.037	0.208	0.037	0.212	Spectrum Read#3
G	0.208	0.037	0.210	0.036	0.208	0.036	0.208	0.036	0.208	0.036	0.202	0.035	Spectrum Read#3
H	0.035	0.208	0.035	0.208	0.035	0.212	0.035	0.203	0.035	0.204	0.036	0.205	Spectrum Read#3

Spectrum
Wavelength 4 (500 nm)
	1	2	3	4	5	6	7	8	9	10	11	12
A	0.229	0.034	0.233	0.036	0.229	0.034	0.229	0.037	0.239	0.035	0.240	0.036	Spectrum Read#4
B	0.252	0.242	0.035	0.233	0.035	0.237	0.036	0.228	0.035	0.227	0.036	0.227	Spectrum Read#4
C	0.231	0.035	0.229	0.035	0.227	0.035	0.234	0.035	0.226	0.035	0.224	0.035	Spectrum Read#4
D	0.036	0.240	0.035	0.233	0.035	0.236	0.035	0.241	0.036	0.234	0.035	0.229	Spectrum Read#4
E	0.213	0.035	0.235	0.036	0.232	0.036	0.234	0.035	0.244	0.036	0.239	0.036	Spectrum Read#4
F	0.038	0.220	0.035	0.248	0.035	0.234	0.035	0.230	0.036	0.235	0.036	0.244	Spectrum Read#4
G	0.230	0.036	0.244	0.036	0.231	0.035	0.233	0.035	0.228	0.035	0.222	0.035	Spectrum Read#4
H	0.035	0.228	0.035	0.228	0.034	0.234	0.035	0.233	0.035	0.224	0.035	0.229	Spectrum Read#4

Spectrum
Wavelength 5 (530 nm)
	1	2	3	4	5	6	7	8	9	10	11	12
A	0.262	0.034	0.266	0.036	0.262	0.034	0.264	0.037	0.277	0.035	0.278	0.036	Spectrum Read#5
B	0.223	0.277	0.035	0.268	0.035	0.273	0.036	0.262	0.035	0.259	0.036	0.259	Spectrum Read#5
C	0.265	0.034	0.263	0.035	0.258	0.035	0.267	0.035	0.257	0.035	0.256	0.035	Spectrum Read#5
D	0.036	0.277	0.035	0.267	0.035	0.271	0.035	0.277	0.035	0.270	0.035	0.262	Spectrum Read#5
E	0.241	0.036	0.271	0.035	0.266	0.035	0.270	0.035	0.283	0.035	0.276	0.035	Spectrum Read#5
F	0.037	0.250	0.035	0.287	0.035	0.269	0.035	0.265	0.036	0.270	0.036	0.281	Spectrum Read#5
G	0.263	0.035	0.284	0.035	0.264	0.034	0.265	0.035	0.258	0.035	0.253	0.035	Spectrum Read#5
H	0.034	0.259	0.036	0.258	0.034	0.265	0.035	0.269	0.034	0.255	0.035	0.263	Spectrum Read#5

Spectrum
Wavelength 6 (560 nm)
	1	2	3	4	5	6	7	8	9	10	11	12
A	0.271	0.034	0.275	0.036	0.272	0.034	0.270	0.036	0.280	0.035	0.280	0.036	Spectrum Read#6
B	0.238	0.284	0.035	0.274	0.035	0.279	0.035	0.270	0.035	0.270	0.035	0.269	Spectrum Read#6
C	0.273	0.034	0.272	0.035	0.269	0.035	0.277	0.035	0.269	0.035	0.267	0.034	Spectrum Read#6
D	0.036	0.282	0.035	0.276	0.035	0.279	0.035	0.283	0.035	0.276	0.035	0.271	Spectrum Read#6
E	0.256	0.036	0.278	0.035	0.275	0.035	0.277	0.035	0.285	0.035	0.280	0.034	Spectrum Read#6
F	0.037	0.260	0.035	0.288	0.035	0.276	0.035	0.270	0.036	0.276	0.035	0.283	Spectrum Read#6
G	0.273	0.034	0.283	0.035	0.273	0.034	0.273	0.035	0.271	0.035	0.268	0.035	Spectrum Read#6
H	0.034	0.270	0.036	0.271	0.034	0.275	0.036	0.271	0.034	0.265	0.036	0.271	Spectrum Read#6

Spectrum
Wavelength 7 (590 nm)
	1	2	3	4	5	6	7	8	9	10	11	12
A	0.269	0.034	0.269	0.036	0.270	0.034	0.255	0.036	0.255	0.034	0.252	0.036	Spectrum Read#7
B	0.227	0.270	0.035	0.261	0.035	0.263	0.035	0.264	0.035	0.272	0.035	0.267	Spectrum Read#7
C	0.265	0.034	0.265	0.034	0.273	0.034	0.275	0.035	0.271	0.035	0.267	0.034	Spectrum Read#7
D	0.036	0.264	0.035	0.268	0.035	0.268	0.035	0.269	0.035	0.259	0.035	0.266	Spectrum Read#7
E	0.269	0.035	0.263	0.035	0.269	0.034	0.262	0.035	0.257	0.035	0.261	0.034	Spectrum Read#7
F	0.037	0.263	0.034	0.255	0.035	0.265	0.035	0.254	0.036	0.263	0.035	0.258	Spectrum Read#7
G	0.271	0.034	0.250	0.035	0.271	0.035	0.266	0.035	0.279	0.035	0.276	0.035	Spectrum Read#7
H	0.034	0.274	0.035	0.279	0.034	0.275	0.036	0.247	0.034	0.266	0.036	0.264	Spectrum Read#7

Spectrum
Wavelength 8 (620 nm)
	1	2	3	4	5	6	7	8	9	10	11	12
A	0.246	0.034	0.243	0.035	0.246	0.034	0.227	0.036	0.221	0.034	0.216	0.035	Spectrum Read#8
B	0.217	0.241	0.034	0.232	0.034	0.233	0.035	0.238	0.035	0.249	0.035	0.244	Spectrum Read#8
C	0.238	0.034	0.239	0.035	0.251	0.034	0.251	0.035	0.249	0.035	0.244	0.034	Spectrum Read#8
D	0.036	0.233	0.035	0.242	0.034	0.240	0.035	0.239	0.034	0.229	0.035	0.241	Spectrum Read#8
E	0.254	0.035	0.234	0.035	0.244	0.034	0.232	0.035	0.221	0.034	0.230	0.034	Spectrum Read#8
F	0.037	0.243	0.034	0.217	0.035	0.236	0.035	0.224	0.036	0.234	0.034	0.223	Spectrum Read#8
G	0.248	0.034	0.212	0.035	0.248	0.035	0.240	0.035	0.260	0.036	0.256	0.034	Spectrum Read#8
H	0.034	0.254	0.035	0.260	0.033	0.253	0.035	0.215	0.033	0.245	0.036	0.238	Spectrum Read#8

Spectrum
Wavelength 9 (650 nm)
	1	2	3	4	5	6	7	8	9	10	11	12
A	0.353	0.033	0.348	0.035	0.355	0.033	0.322	0.035	0.308	0.034	0.300	0.035	Spectrum Read#9
B	0.216	0.339	0.033	0.329	0.034	0.332	0.034	0.342	0.034	0.361	0.034	0.352	Spectrum Read#9
C	0.342	0.033	0.343	0.034	0.365	0.033	0.360	0.034	0.361	0.034	0.354	0.034	Spectrum Read#9
D	0.036	0.330	0.034	0.346	0.034	0.343	0.035	0.339	0.034	0.325	0.035	0.346	Spectrum Read#9
E	0.371	0.034	0.333	0.034	0.350	0.033	0.330	0.034	0.306	0.034	0.324	0.033	Spectrum Read#9
F	0.037	0.349	0.034	0.299	0.034	0.337	0.034	0.317	0.035	0.334	0.034	0.311	Spectrum Read#9
G	0.356	0.034	0.294	0.034	0.356	0.035	0.344	0.034	0.377	0.036	0.373	0.034	Spectrum Read#9
H	0.033	0.366	0.034	0.376	0.033	0.363	0.035	0.298	0.033	0.353	0.035	0.340	Spectrum Read#9

Spectrum
Wavelength 10 (680 nm)
	1	2	3	4	5	6	7	8	9	10	11	12
A	0.118	0.033	0.116	0.034	0.117	0.032	0.110	0.035	0.108	0.033	0.106	0.034	Spectrum Read#10
B	0.217	0.119	0.033	0.112	0.033	0.113	0.033	0.114	0.034	0.119	0.034	0.116	Spectrum Read#10
C	0.114	0.033	0.115	0.034	0.120	0.033	0.120	0.034	0.120	0.033	0.117	0.034	Spectrum Read#10
D	0.035	0.112	0.034	0.116	0.033	0.116	0.035	0.115	0.033	0.112	0.034	0.115	Spectrum Read#10
E	0.120	0.033	0.113	0.034	0.117	0.033	0.113	0.033	0.108	0.033	0.111	0.033	Spectrum Read#10
F	0.036	0.116	0.034	0.107	0.034	0.114	0.034	0.109	0.034	0.113	0.033	0.108	Spectrum Read#10
G	0.118	0.034	0.104	0.033	0.118	0.035	0.115	0.033	0.123	0.035	0.120	0.033	Spectrum Read#10
H	0.033	0.120	0.033	0.123	0.032	0.120	0.034	0.106	0.033	0.118	0.034	0.115	Spectrum Read#10

