Spectrum
Wavelength 1 (530 nm)
	1	2	3	4	5	6	7	8	9	10	11	12
A	0.298	0.042	0.307	0.036	0.304	0.038	0.318	0.036	0.299	0.037	0.312	0.036	Spectrum Read#1
B	0.036	0.295	0.037	0.317	0.039	0.313	0.036	0.313	0.036	0.315	0.036	0.314	Spectrum Read#1
C	0.312	0.037	0.312	0.036	0.305	0.037	0.311	0.036	0.298	0.036	0.313	0.036	Spectrum Read#1
D	0.036	0.302	0.036	0.304	0.037	0.302	0.036	0.307	0.040	0.314	0.036	0.320	Spectrum Read#1
E	0.301	0.036	0.320	0.036	0.316	0.037	0.326	0.062	0.311	0.036	0.312	0.037	Spectrum Read#1
F	0.036	0.307	0.037	0.298	0.036	0.312	0.040	0.310	0.055	0.329	0.036	0.298	Spectrum Read#1
G	0.301	0.038	0.304	0.036	0.305	0.057	0.320	0.036	0.307	0.037	0.299	0.037	Spectrum Read#1
H	0.038	0.296	0.036	0.306	0.036	0.304	0.037	0.311	0.036	0.315	0.038	0.335	Spectrum Read#1

Spectrum
Wavelength 2 (545 nm)
	1	2	3	4	5	6	7	8	9	10	11	12
A	0.302	0.042	0.310	0.036	0.307	0.038	0.319	0.036	0.302	0.037	0.315	0.036	Spectrum Read#2
B	0.036	0.300	0.036	0.319	0.039	0.315	0.036	0.315	0.036	0.317	0.036	0.316	Spectrum Read#2
C	0.315	0.036	0.315	0.036	0.309	0.037	0.314	0.036	0.302	0.036	0.315	0.036	Spectrum Read#2
D	0.036	0.306	0.036	0.307	0.037	0.306	0.036	0.311	0.041	0.316	0.036	0.321	Spectrum Read#2
E	0.305	0.036	0.322	0.036	0.318	0.036	0.328	0.062	0.313	0.036	0.315	0.036	Spectrum Read#2
F	0.036	0.311	0.037	0.303	0.036	0.315	0.039	0.313	0.054	0.330	0.036	0.301	Spectrum Read#2
G	0.304	0.038	0.308	0.036	0.309	0.056	0.322	0.036	0.310	0.037	0.303	0.037	Spectrum Read#2
H	0.038	0.300	0.036	0.310	0.036	0.307	0.036	0.313	0.035	0.316	0.038	0.336	Spectrum Read#2

Spectrum
Wavelength 3 (560 nm)
	1	2	3	4	5	6	7	8	9	10	11	12
A	0.301	0.041	0.305	0.035	0.304	0.037	0.312	0.036	0.301	0.036	0.310	0.035	Spectrum Read#3
B	0.035	0.301	0.036	0.313	0.038	0.311	0.036	0.310	0.036	0.310	0.036	0.309	Spectrum Read#3
C	0.311	0.036	0.309	0.035	0.306	0.036	0.310	0.036	0.301	0.036	0.309	0.035	Spectrum Read#3
D	0.035	0.303	0.035	0.304	0.036	0.305	0.035	0.308	0.040	0.310	0.035	0.314	Spectrum Read#3
E	0.304	0.035	0.316	0.035	0.311	0.036	0.319	0.061	0.309	0.036	0.310	0.036	Spectrum Read#3
F	0.035	0.307	0.036	0.303	0.035	0.312	0.039	0.308	0.053	0.320	0.036	0.299	Spectrum Read#3
G	0.301	0.037	0.306	0.036	0.306	0.054	0.314	0.036	0.305	0.037	0.300	0.036	Spectrum Read#3
H	0.037	0.298	0.035	0.305	0.036	0.303	0.036	0.307	0.035	0.309	0.037	0.325	Spectrum Read#3

Spectrum
Wavelength 4 (575 nm)
	1	2	3	4	5	6	7	8	9	10	11	12
A	0.282	0.041	0.281	0.036	0.282	0.038	0.285	0.036	0.281	0.037	0.285	0.035	Spectrum Read#4
B	0.036	0.284	0.036	0.286	0.039	0.287	0.036	0.286	0.036	0.284	0.036	0.282	Spectrum Read#4
C	0.287	0.036	0.285	0.036	0.284	0.036	0.286	0.036	0.282	0.036	0.284	0.035	Spectrum Read#4
D	0.035	0.281	0.036	0.281	0.036	0.286	0.036	0.287	0.040	0.283	0.035	0.286	Spectrum Read#4
E	0.285	0.036	0.290	0.036	0.285	0.036	0.289	0.060	0.285	0.036	0.285	0.036	Spectrum Read#4
F	0.035	0.284	0.037	0.286	0.035	0.289	0.039	0.284	0.053	0.289	0.036	0.277	Spectrum Read#4
G	0.279	0.037	0.284	0.036	0.285	0.054	0.285	0.036	0.282	0.037	0.278	0.036	Spectrum Read#4
H	0.038	0.277	0.036	0.280	0.036	0.280	0.036	0.280	0.035	0.281	0.038	0.292	Spectrum Read#4

Spectrum
Wavelength 5 (590 nm)
	1	2	3	4	5	6	7	8	9	10	11	12
A	0.283	0.041	0.272	0.035	0.277	0.037	0.269	0.036	0.280	0.036	0.273	0.035	Spectrum Read#5
B	0.036	0.290	0.036	0.271	0.039	0.278	0.036	0.276	0.035	0.269	0.036	0.264	Spectrum Read#5
C	0.277	0.036	0.273	0.036	0.278	0.036	0.276	0.036	0.283	0.036	0.272	0.035	Spectrum Read#5
D	0.035	0.276	0.035	0.275	0.036	0.286	0.035	0.283	0.040	0.269	0.035	0.268	Spectrum Read#5
E	0.286	0.036	0.276	0.035	0.270	0.036	0.268	0.059	0.274	0.036	0.274	0.036	Spectrum Read#5
F	0.035	0.278	0.037	0.291	0.035	0.281	0.039	0.275	0.052	0.264	0.036	0.272	Spectrum Read#5
G	0.272	0.037	0.280	0.036	0.281	0.053	0.264	0.036	0.271	0.037	0.272	0.036	Spectrum Read#5
H	0.038	0.273	0.036	0.267	0.036	0.271	0.036	0.265	0.035	0.260	0.037	0.263	Spectrum Read#5

Spectrum
Wavelength 6 (605 nm)
	1	2	3	4	5	6	7	8	9	10	11	12
A	0.294	0.041	0.273	0.035	0.282	0.038	0.266	0.036	0.288	0.036	0.273	0.035	Spectrum Read#6
B	0.036	0.306	0.036	0.269	0.039	0.281	0.036	0.278	0.036	0.267	0.036	0.259	Spectrum Read#6
C	0.278	0.036	0.273	0.036	0.283	0.037	0.278	0.036	0.294	0.036	0.271	0.035	Spectrum Read#6
D	0.036	0.282	0.035	0.279	0.036	0.297	0.036	0.290	0.040	0.266	0.035	0.262	Spectrum Read#6
E	0.297	0.036	0.275	0.036	0.268	0.036	0.259	0.058	0.275	0.036	0.275	0.036	Spectrum Read#6
F	0.035	0.282	0.037	0.306	0.035	0.284	0.039	0.277	0.052	0.252	0.036	0.277	Spectrum Read#6
G	0.276	0.037	0.286	0.036	0.287	0.052	0.256	0.036	0.272	0.037	0.278	0.036	Spectrum Read#6
H	0.038	0.279	0.036	0.266	0.036	0.273	0.036	0.261	0.035	0.253	0.038	0.250	Spectrum Read#6

Spectrum
Wavelength 7 (620 nm)
	1	2	3	4	5	6	7	8	9	10	11	12
A	0.251	0.041	0.232	0.035	0.239	0.037	0.225	0.036	0.245	0.036	0.231	0.035	Spectrum Read#7
B	0.035	0.261	0.036	0.227	0.039	0.239	0.036	0.235	0.036	0.225	0.036	0.218	Spectrum Read#7
C	0.236	0.036	0.232	0.035	0.240	0.036	0.236	0.036	0.250	0.036	0.230	0.035	Spectrum Read#7
D	0.035	0.239	0.035	0.237	0.036	0.252	0.035	0.246	0.039	0.225	0.035	0.222	Spectrum Read#7
E	0.252	0.035	0.233	0.035	0.227	0.036	0.219	0.057	0.234	0.036	0.233	0.036	Spectrum Read#7
F	0.035	0.239	0.036	0.261	0.035	0.241	0.039	0.235	0.051	0.212	0.035	0.235	Spectrum Read#7
G	0.233	0.037	0.242	0.036	0.243	0.051	0.216	0.036	0.230	0.037	0.235	0.036	Spectrum Read#7
H	0.038	0.236	0.035	0.224	0.036	0.231	0.036	0.221	0.035	0.213	0.037	0.210	Spectrum Read#7

Spectrum
Wavelength 8 (635 nm)
	1	2	3	4	5	6	7	8	9	10	11	12
A	0.260	0.040	0.238	0.034	0.247	0.036	0.230	0.035	0.254	0.035	0.237	0.034	Spectrum Read#8
B	0.034	0.272	0.035	0.233	0.038	0.245	0.035	0.242	0.035	0.231	0.035	0.223	Spectrum Read#8
C	0.243	0.035	0.238	0.035	0.247	0.035	0.243	0.035	0.259	0.035	0.235	0.034	Spectrum Read#8
D	0.034	0.247	0.034	0.244	0.035	0.262	0.034	0.254	0.039	0.231	0.034	0.226	Spectrum Read#8
E	0.262	0.035	0.239	0.035	0.232	0.035	0.222	0.055	0.240	0.035	0.239	0.035	Spectrum Read#8
F	0.034	0.247	0.035	0.271	0.034	0.249	0.038	0.241	0.049	0.215	0.035	0.243	Spectrum Read#8
G	0.242	0.036	0.251	0.035	0.252	0.050	0.220	0.035	0.237	0.036	0.243	0.035	Spectrum Read#8
H	0.037	0.245	0.035	0.231	0.035	0.239	0.035	0.226	0.034	0.217	0.037	0.211	Spectrum Read#8

Spectrum
Wavelength 9 (650 nm)
	1	2	3	4	5	6	7	8	9	10	11	12
A	0.346	0.040	0.314	0.034	0.328	0.036	0.299	0.035	0.338	0.035	0.313	0.034	Spectrum Read#9
B	0.035	0.365	0.035	0.304	0.038	0.322	0.035	0.318	0.035	0.302	0.035	0.291	Spectrum Read#9
C	0.320	0.035	0.313	0.035	0.328	0.035	0.320	0.034	0.346	0.035	0.308	0.034	Spectrum Read#9
D	0.034	0.328	0.034	0.323	0.035	0.349	0.034	0.338	0.038	0.302	0.034	0.295	Spectrum Read#9
E	0.351	0.035	0.312	0.034	0.303	0.035	0.287	0.054	0.315	0.035	0.315	0.035	Spectrum Read#9
F	0.034	0.328	0.035	0.363	0.034	0.329	0.038	0.318	0.049	0.277	0.035	0.322	Spectrum Read#9
G	0.321	0.036	0.335	0.035	0.336	0.049	0.287	0.035	0.314	0.036	0.323	0.035	Spectrum Read#9
H	0.037	0.327	0.035	0.305	0.035	0.316	0.035	0.294	0.034	0.282	0.037	0.272	Spectrum Read#9

Spectrum
Wavelength 10 (665 nm)
	1	2	3	4	5	6	7	8	9	10	11	12
A	0.266	0.039	0.243	0.034	0.254	0.036	0.234	0.035	0.261	0.035	0.243	0.034	Spectrum Read#10
B	0.034	0.280	0.035	0.237	0.038	0.250	0.034	0.247	0.034	0.235	0.035	0.228	Spectrum Read#10
C	0.248	0.035	0.243	0.034	0.254	0.035	0.249	0.034	0.267	0.034	0.240	0.034	Spectrum Read#10
D	0.034	0.254	0.034	0.250	0.035	0.269	0.034	0.262	0.038	0.236	0.034	0.231	Spectrum Read#10
E	0.270	0.035	0.243	0.034	0.236	0.035	0.226	0.052	0.245	0.035	0.245	0.035	Spectrum Read#10
F	0.034	0.254	0.035	0.280	0.034	0.255	0.038	0.247	0.048	0.218	0.035	0.249	Spectrum Read#10
G	0.249	0.036	0.259	0.034	0.260	0.048	0.225	0.035	0.244	0.036	0.251	0.035	Spectrum Read#10
H	0.037	0.253	0.034	0.238	0.035	0.245	0.034	0.230	0.034	0.222	0.036	0.215	Spectrum Read#10

Spectrum
Wavelength 11 (680 nm)
	1	2	3	4	5	6	7	8	9	10	11	12
A	0.121	0.039	0.112	0.034	0.116	0.036	0.111	0.035	0.119	0.035	0.113	0.034	Spectrum Read#11
B	0.034	0.125	0.034	0.111	0.038	0.117	0.034	0.115	0.034	0.110	0.034	0.108	Spectrum Read#11
C	0.115	0.035	0.114	0.034	0.117	0.034	0.116	0.034	0.121	0.034	0.113	0.034	Spectrum Read#11
D	0.034	0.117	0.034	0.116	0.035	0.122	0.034	0.120	0.038	0.111	0.034	0.110	Spectrum Read#11
E	0.122	0.034	0.115	0.034	0.111	0.035	0.108	0.051	0.115	0.035	0.114	0.034	Spectrum Read#11
F	0.034	0.117	0.035	0.127	0.034	0.118	0.038	0.115	0.048	0.105	0.034	0.114	Spectrum Read#11
G	0.114	0.035	0.118	0.035	0.118	0.048	0.107	0.034	0.113	0.035	0.115	0.034	Spectrum Read#11
H	0.037	0.116	0.034	0.111	0.035	0.114	0.034	0.109	0.034	0.106	0.036	0.104	Spectrum Read#11

