Spectrum
Wavelength 1 (530 nm)
	1	2	3	4	5	6	7	8	9	10	11	12
A	0.314	0.039	0.329	0.036	0.339	0.038	0.327	0.037	0.322	0.037	0.335	0.037	Spectrum Read#1
B	0.036	0.326	0.036	0.324	0.039	0.324	0.041	0.314	0.037	0.317	0.036	0.313	Spectrum Read#1
C	0.310	0.038	0.346	0.036	0.320	0.037	0.323	0.065	0.327	0.038	0.307	0.037	Spectrum Read#1
D	0.036	0.324	0.036	0.337	0.036	0.329	0.037	0.316	0.037	0.318	0.036	0.319	Spectrum Read#1
E	0.323	0.036	0.338	0.036	0.324	0.036	0.326	0.036	0.323	0.036	0.306	0.036	Spectrum Read#1
F	0.036	0.323	0.058	0.327	0.040	0.331	0.036	0.334	0.037	0.313	0.036	0.321	Spectrum Read#1
G	0.325	0.046	0.328	0.038	0.327	0.036	0.320	0.036	0.320	0.037	0.323	0.037	Spectrum Read#1
H	0.037	0.328	0.036	0.325	0.036	0.419	0.037	0.313	0.036	0.330	0.040	0.049	Spectrum Read#1

Spectrum
Wavelength 2 (545 nm)
	1	2	3	4	5	6	7	8	9	10	11	12
A	0.317	0.039	0.331	0.036	0.339	0.038	0.328	0.037	0.325	0.037	0.336	0.036	Spectrum Read#2
B	0.036	0.328	0.036	0.325	0.039	0.326	0.040	0.316	0.037	0.319	0.036	0.315	Spectrum Read#2
C	0.314	0.037	0.345	0.036	0.322	0.037	0.325	0.064	0.328	0.038	0.310	0.037	Spectrum Read#2
D	0.036	0.326	0.036	0.337	0.036	0.330	0.037	0.318	0.037	0.321	0.036	0.321	Spectrum Read#2
E	0.325	0.036	0.338	0.036	0.326	0.036	0.328	0.036	0.325	0.036	0.309	0.036	Spectrum Read#2
F	0.036	0.325	0.057	0.329	0.039	0.332	0.036	0.334	0.036	0.316	0.036	0.323	Spectrum Read#2
G	0.326	0.045	0.329	0.038	0.329	0.036	0.322	0.036	0.322	0.038	0.325	0.036	Spectrum Read#2
H	0.037	0.329	0.036	0.326	0.036	0.403	0.036	0.315	0.036	0.331	0.040	0.049	Spectrum Read#2

Spectrum
Wavelength 3 (560 nm)
	1	2	3	4	5	6	7	8	9	10	11	12
A	0.314	0.039	0.324	0.036	0.329	0.037	0.322	0.037	0.319	0.036	0.326	0.036	Spectrum Read#3
B	0.036	0.323	0.035	0.320	0.038	0.319	0.040	0.312	0.037	0.314	0.036	0.310	Spectrum Read#3
C	0.313	0.037	0.332	0.035	0.319	0.037	0.318	0.063	0.319	0.038	0.307	0.036	Spectrum Read#3
D	0.036	0.320	0.035	0.326	0.036	0.321	0.037	0.313	0.037	0.316	0.036	0.315	Spectrum Read#3
E	0.319	0.036	0.328	0.036	0.319	0.036	0.321	0.036	0.318	0.036	0.307	0.036	Spectrum Read#3
F	0.036	0.319	0.056	0.321	0.039	0.324	0.035	0.324	0.036	0.312	0.036	0.315	Spectrum Read#3
G	0.319	0.045	0.321	0.038	0.322	0.036	0.315	0.036	0.316	0.037	0.317	0.036	Spectrum Read#3
H	0.036	0.319	0.036	0.318	0.036	0.361	0.036	0.310	0.035	0.321	0.039	0.049	Spectrum Read#3

Spectrum
Wavelength 4 (575 nm)
	1	2	3	4	5	6	7	8	9	10	11	12
A	0.291	0.039	0.295	0.036	0.296	0.037	0.294	0.037	0.293	0.036	0.294	0.036	Spectrum Read#4
B	0.035	0.296	0.035	0.293	0.039	0.292	0.040	0.288	0.036	0.288	0.036	0.284	Spectrum Read#4
C	0.291	0.037	0.295	0.035	0.295	0.037	0.289	0.061	0.289	0.038	0.285	0.037	Spectrum Read#4
D	0.036	0.293	0.035	0.292	0.036	0.291	0.037	0.286	0.037	0.290	0.036	0.288	Spectrum Read#4
E	0.292	0.036	0.295	0.036	0.292	0.036	0.292	0.036	0.291	0.036	0.285	0.036	Spectrum Read#4
F	0.036	0.291	0.055	0.292	0.039	0.295	0.035	0.291	0.036	0.287	0.036	0.287	Spectrum Read#4
G	0.290	0.044	0.290	0.038	0.292	0.035	0.287	0.036	0.288	0.037	0.288	0.036	Spectrum Read#4
H	0.037	0.287	0.036	0.290	0.036	0.289	0.036	0.285	0.035	0.289	0.039	0.048	Spectrum Read#4

Spectrum
Wavelength 5 (590 nm)
	1	2	3	4	5	6	7	8	9	10	11	12
A	0.287	0.038	0.278	0.036	0.268	0.037	0.279	0.037	0.279	0.036	0.269	0.036	Spectrum Read#5
B	0.035	0.282	0.035	0.279	0.039	0.277	0.040	0.278	0.036	0.276	0.036	0.271	Spectrum Read#5
C	0.289	0.037	0.258	0.036	0.286	0.036	0.271	0.060	0.265	0.038	0.279	0.037	Spectrum Read#5
D	0.036	0.278	0.035	0.263	0.036	0.268	0.036	0.273	0.037	0.277	0.036	0.272	Spectrum Read#5
E	0.278	0.036	0.269	0.036	0.275	0.036	0.274	0.036	0.274	0.036	0.281	0.036	Spectrum Read#5
F	0.036	0.275	0.055	0.273	0.039	0.274	0.035	0.264	0.036	0.278	0.036	0.267	Spectrum Read#5
G	0.271	0.044	0.268	0.038	0.273	0.035	0.270	0.036	0.273	0.037	0.270	0.036	Spectrum Read#5
H	0.037	0.261	0.036	0.269	0.036	0.180	0.036	0.273	0.035	0.264	0.039	0.048	Spectrum Read#5

Spectrum
Wavelength 6 (605 nm)
	1	2	3	4	5	6	7	8	9	10	11	12
A	0.292	0.038	0.273	0.035	0.255	0.037	0.275	0.036	0.278	0.036	0.257	0.036	Spectrum Read#6
B	0.035	0.280	0.035	0.276	0.038	0.274	0.040	0.280	0.036	0.275	0.035	0.270	Spectrum Read#6
C	0.297	0.037	0.237	0.035	0.289	0.036	0.264	0.059	0.255	0.038	0.284	0.036	Spectrum Read#6
D	0.035	0.275	0.035	0.247	0.036	0.259	0.036	0.270	0.036	0.277	0.036	0.268	Spectrum Read#6
E	0.276	0.036	0.256	0.036	0.271	0.036	0.268	0.035	0.270	0.036	0.286	0.035	Spectrum Read#6
F	0.035	0.271	0.053	0.266	0.039	0.267	0.035	0.251	0.036	0.279	0.036	0.260	Spectrum Read#6
G	0.264	0.043	0.258	0.037	0.267	0.035	0.265	0.035	0.269	0.037	0.263	0.035	Spectrum Read#6
H	0.037	0.248	0.035	0.262	0.036	0.102	0.035	0.273	0.035	0.252	0.040	0.047	Spectrum Read#6

Spectrum
Wavelength 7 (620 nm)
	1	2	3	4	5	6	7	8	9	10	11	12
A	0.248	0.038	0.231	0.035	0.215	0.037	0.234	0.036	0.236	0.036	0.217	0.036	Spectrum Read#7
B	0.035	0.238	0.035	0.234	0.038	0.232	0.040	0.238	0.036	0.233	0.035	0.229	Spectrum Read#7
C	0.253	0.036	0.199	0.035	0.246	0.036	0.224	0.058	0.215	0.037	0.241	0.036	Spectrum Read#7
D	0.035	0.233	0.035	0.208	0.036	0.219	0.036	0.229	0.036	0.234	0.035	0.228	Spectrum Read#7
E	0.234	0.036	0.215	0.035	0.230	0.036	0.227	0.035	0.229	0.035	0.243	0.035	Spectrum Read#7
F	0.035	0.229	0.053	0.225	0.038	0.226	0.035	0.211	0.036	0.237	0.035	0.220	Spectrum Read#7
G	0.223	0.043	0.218	0.037	0.225	0.035	0.224	0.035	0.228	0.037	0.222	0.035	Spectrum Read#7
H	0.037	0.209	0.035	0.221	0.035	0.069	0.035	0.232	0.035	0.212	0.039	0.047	Spectrum Read#7

Spectrum
Wavelength 8 (635 nm)
	1	2	3	4	5	6	7	8	9	10	11	12
A	0.256	0.037	0.236	0.035	0.217	0.036	0.239	0.036	0.242	0.035	0.220	0.035	Spectrum Read#8
B	0.035	0.243	0.034	0.240	0.038	0.238	0.039	0.245	0.035	0.239	0.035	0.235	Spectrum Read#8
C	0.263	0.036	0.199	0.035	0.253	0.036	0.228	0.056	0.218	0.037	0.249	0.035	Spectrum Read#8
D	0.035	0.239	0.034	0.210	0.035	0.223	0.036	0.235	0.036	0.241	0.035	0.233	Spectrum Read#8
E	0.240	0.035	0.218	0.035	0.235	0.035	0.231	0.035	0.234	0.035	0.252	0.035	Spectrum Read#8
F	0.035	0.234	0.052	0.229	0.037	0.230	0.035	0.214	0.035	0.244	0.035	0.224	Spectrum Read#8
G	0.228	0.042	0.222	0.037	0.230	0.035	0.229	0.035	0.233	0.036	0.227	0.035	Spectrum Read#8
H	0.036	0.212	0.035	0.226	0.035	0.056	0.035	0.238	0.035	0.215	0.039	0.046	Spectrum Read#8

Spectrum
Wavelength 9 (650 nm)
	1	2	3	4	5	6	7	8	9	10	11	12
A	0.338	0.037	0.308	0.035	0.277	0.036	0.311	0.035	0.316	0.035	0.282	0.035	Spectrum Read#9
B	0.034	0.319	0.034	0.313	0.038	0.310	0.039	0.322	0.035	0.313	0.035	0.307	Spectrum Read#9
C	0.348	0.036	0.252	0.034	0.333	0.035	0.296	0.055	0.282	0.036	0.329	0.035	Spectrum Read#9
D	0.035	0.312	0.034	0.268	0.035	0.288	0.035	0.308	0.036	0.316	0.035	0.304	Spectrum Read#9
E	0.313	0.035	0.279	0.035	0.306	0.035	0.300	0.034	0.305	0.035	0.334	0.034	Spectrum Read#9
F	0.035	0.306	0.051	0.297	0.037	0.297	0.034	0.275	0.035	0.322	0.035	0.291	Spectrum Read#9
G	0.296	0.042	0.287	0.037	0.299	0.034	0.298	0.035	0.304	0.036	0.294	0.034	Spectrum Read#9
H	0.036	0.273	0.035	0.292	0.035	0.048	0.035	0.311	0.034	0.277	0.038	0.295	Spectrum Read#9

Spectrum
Wavelength 10 (665 nm)
	1	2	3	4	5	6	7	8	9	10	11	12
A	0.262	0.037	0.240	0.035	0.218	0.036	0.243	0.035	0.246	0.035	0.223	0.035	Spectrum Read#10
B	0.034	0.248	0.034	0.244	0.037	0.241	0.038	0.250	0.035	0.244	0.035	0.239	Spectrum Read#10
C	0.269	0.035	0.200	0.034	0.259	0.035	0.232	0.054	0.222	0.036	0.255	0.035	Spectrum Read#10
D	0.035	0.243	0.034	0.212	0.035	0.226	0.035	0.240	0.035	0.246	0.034	0.237	Spectrum Read#10
E	0.244	0.035	0.220	0.034	0.239	0.035	0.236	0.034	0.238	0.035	0.259	0.034	Spectrum Read#10
F	0.034	0.239	0.050	0.233	0.037	0.234	0.034	0.216	0.035	0.250	0.034	0.228	Spectrum Read#10
G	0.232	0.042	0.225	0.036	0.234	0.034	0.233	0.034	0.237	0.036	0.230	0.034	Spectrum Read#10
H	0.036	0.215	0.035	0.229	0.035	0.044	0.035	0.242	0.034	0.218	0.038	0.045	Spectrum Read#10

Spectrum
Wavelength 11 (680 nm)
	1	2	3	4	5	6	7	8	9	10	11	12
A	0.120	0.036	0.113	0.034	0.106	0.035	0.117	0.035	0.115	0.034	0.108	0.035	Spectrum Read#11
B	0.034	0.115	0.034	0.115	0.037	0.114	0.038	0.116	0.035	0.114	0.034	0.112	Spectrum Read#11
C	0.122	0.035	0.099	0.034	0.122	0.035	0.111	0.053	0.106	0.036	0.117	0.035	Spectrum Read#11
D	0.034	0.114	0.034	0.103	0.034	0.108	0.035	0.113	0.035	0.115	0.034	0.113	Spectrum Read#11
E	0.114	0.035	0.106	0.034	0.113	0.035	0.112	0.034	0.113	0.034	0.118	0.034	Spectrum Read#11
F	0.034	0.113	0.049	0.111	0.037	0.113	0.034	0.104	0.034	0.115	0.034	0.109	Spectrum Read#11
G	0.110	0.041	0.107	0.036	0.111	0.034	0.110	0.034	0.112	0.035	0.110	0.034	Spectrum Read#11
H	0.036	0.104	0.034	0.109	0.034	0.042	0.034	0.114	0.034	0.105	0.038	0.044	Spectrum Read#11

