Spectrum
Wavelength 1 (590 nm)
	1	2	3	4	5	6	7	8	9	10	11	12
A	0.281	0.036	0.270	0.035	0.284	0.037	0.274	0.036	0.269	0.036	0.278	0.035	Spectrum Read#1
B	0.036	0.280	0.036	0.276	0.036	0.180	0.036	0.273	0.035	0.274	0.035	0.268	Spectrum Read#1
C	0.273	0.036	0.258	0.036	0.273	0.036	0.259	0.036	0.280	0.036	0.274	0.036	Spectrum Read#1
D	0.036	0.273	0.035	0.273	0.036	0.276	0.044	0.267	0.035	0.265	0.035	0.270	Spectrum Read#1
E	0.278	0.035	0.272	0.035	0.280	0.036	0.269	0.035	0.258	0.036	0.262	0.035	Spectrum Read#1
F	0.035	0.280	0.035	0.272	0.035	0.282	0.035	0.274	0.035	0.268	0.038	0.266	Spectrum Read#1
G	0.263	0.036	0.268	0.035	0.271	0.035	0.269	0.035	0.276	0.035	0.262	0.037	Spectrum Read#1
H	0.036	0.262	0.035	0.259	0.035	0.268	0.036	0.256	0.035	0.261	0.036	0.039	Spectrum Read#1

Spectrum
Wavelength 2 (620 nm)
	1	2	3	4	5	6	7	8	9	10	11	12
A	0.237	0.036	0.217	0.035	0.245	0.037	0.233	0.036	0.223	0.036	0.241	0.035	Spectrum Read#2
B	0.035	0.237	0.035	0.234	0.036	0.068	0.035	0.231	0.035	0.233	0.035	0.224	Spectrum Read#2
C	0.228	0.036	0.201	0.035	0.226	0.036	0.207	0.035	0.245	0.036	0.234	0.036	Spectrum Read#2
D	0.035	0.228	0.035	0.227	0.036	0.235	0.043	0.220	0.035	0.217	0.035	0.229	Spectrum Read#2
E	0.237	0.035	0.227	0.035	0.240	0.035	0.225	0.035	0.205	0.036	0.218	0.035	Spectrum Read#2
F	0.035	0.243	0.035	0.229	0.035	0.244	0.035	0.234	0.035	0.223	0.037	0.225	Spectrum Read#2
G	0.215	0.036	0.222	0.035	0.229	0.035	0.224	0.035	0.239	0.035	0.216	0.037	Spectrum Read#2
H	0.036	0.215	0.035	0.213	0.035	0.223	0.036	0.208	0.035	0.214	0.036	0.038	Spectrum Read#2

Spectrum
Wavelength 3 (650 nm)
	1	2	3	4	5	6	7	8	9	10	11	12
A	0.321	0.036	0.286	0.034	0.338	0.037	0.316	0.035	0.298	0.035	0.333	0.035	Spectrum Read#3
B	0.035	0.322	0.034	0.321	0.035	0.048	0.035	0.315	0.035	0.319	0.034	0.302	Spectrum Read#3
C	0.307	0.035	0.260	0.035	0.303	0.035	0.271	0.035	0.341	0.035	0.322	0.035	Spectrum Read#3
D	0.035	0.308	0.034	0.306	0.035	0.322	0.042	0.295	0.035	0.290	0.035	0.315	Spectrum Read#3
E	0.325	0.035	0.308	0.035	0.330	0.035	0.304	0.035	0.268	0.035	0.296	0.035	Spectrum Read#3
F	0.034	0.336	0.035	0.314	0.034	0.337	0.035	0.323	0.035	0.302	0.037	0.304	Spectrum Read#3
G	0.287	0.035	0.298	0.035	0.312	0.034	0.302	0.034	0.331	0.035	0.287	0.036	Spectrum Read#3
H	0.036	0.287	0.035	0.284	0.035	0.302	0.035	0.277	0.034	0.286	0.035	0.326	Spectrum Read#3

Spectrum
Wavelength 4 (680 nm)
	1	2	3	4	5	6	7	8	9	10	11	12
A	0.115	0.035	0.107	0.034	0.119	0.036	0.114	0.035	0.110	0.035	0.118	0.034	Spectrum Read#4
B	0.034	0.116	0.034	0.115	0.035	0.041	0.034	0.113	0.034	0.114	0.034	0.110	Spectrum Read#4
C	0.112	0.034	0.100	0.034	0.111	0.034	0.103	0.034	0.119	0.034	0.115	0.034	Spectrum Read#4
D	0.034	0.112	0.034	0.112	0.035	0.116	0.041	0.109	0.034	0.107	0.034	0.114	Spectrum Read#4
E	0.116	0.034	0.112	0.034	0.117	0.035	0.111	0.034	0.102	0.035	0.108	0.034	Spectrum Read#4
F	0.034	0.119	0.034	0.113	0.034	0.120	0.034	0.115	0.034	0.110	0.036	0.111	Spectrum Read#4
G	0.107	0.035	0.109	0.034	0.113	0.034	0.111	0.034	0.117	0.034	0.110	0.035	Spectrum Read#4
H	0.036	0.107	0.034	0.106	0.034	0.111	0.035	0.104	0.034	0.107	0.035	0.037	Spectrum Read#4

