Spectrum
Wavelength 1 (410 nm)
	1	2	3	4	5	6	7	8	9	10	11	12
A	0.201	0.040	0.199	0.039	0.201	0.040	0.203	0.040	0.196	0.040	0.202	0.041	Spectrum Read#1
B	0.041	0.202	0.041	0.201	0.040	0.197	0.040	0.204	0.040	0.199	0.040	0.198	Spectrum Read#1
C	0.200	0.041	0.202	0.040	0.202	0.040	0.202	0.040	0.202	0.041	0.202	0.040	Spectrum Read#1
D	0.040	0.205	0.040	0.204	0.041	0.204	0.040	0.205	0.040	0.204	0.041	0.204	Spectrum Read#1
E	0.201	0.041	0.204	0.041	0.203	0.040	0.206	0.040	0.212	0.040	0.202	0.041	Spectrum Read#1
F	0.042	0.201	0.040	0.205	0.040	0.204	0.351	0.207	0.041	0.203	0.040	0.203	Spectrum Read#1
G	0.204	0.040	0.206	0.041	0.200	0.040	0.202	0.041	0.202	0.040	0.205	0.040	Spectrum Read#1
H	0.040	0.199	0.042	0.198	0.040	0.200	0.041	0.201	0.040	0.204	0.041	0.208	Spectrum Read#1

Spectrum
Wavelength 2 (440 nm)
	1	2	3	4	5	6	7	8	9	10	11	12
A	0.187	0.037	0.185	0.037	0.187	0.037	0.190	0.037	0.183	0.038	0.188	0.039	Spectrum Read#2
B	0.038	0.188	0.039	0.188	0.038	0.183	0.037	0.190	0.039	0.186	0.038	0.185	Spectrum Read#2
C	0.187	0.040	0.188	0.038	0.189	0.038	0.188	0.038	0.188	0.038	0.188	0.038	Spectrum Read#2
D	0.039	0.193	0.040	0.190	0.039	0.190	0.038	0.191	0.038	0.191	0.039	0.191	Spectrum Read#2
E	0.189	0.038	0.190	0.038	0.190	0.038	0.191	0.038	0.197	0.039	0.188	0.039	Spectrum Read#2
F	0.040	0.186	0.039	0.191	0.039	0.190	0.348	0.193	0.038	0.191	0.037	0.191	Spectrum Read#2
G	0.190	0.038	0.192	0.038	0.188	0.038	0.189	0.040	0.188	0.038	0.191	0.037	Spectrum Read#2
H	0.038	0.185	0.040	0.185	0.038	0.186	0.038	0.187	0.039	0.190	0.039	0.194	Spectrum Read#2

Spectrum
Wavelength 3 (470 nm)
	1	2	3	4	5	6	7	8	9	10	11	12
A	0.180	0.037	0.181	0.037	0.183	0.036	0.184	0.037	0.184	0.038	0.184	0.038	Spectrum Read#3
B	0.038	0.184	0.039	0.184	0.037	0.180	0.036	0.186	0.038	0.184	0.038	0.183	Spectrum Read#3
C	0.184	0.038	0.180	0.037	0.184	0.037	0.186	0.037	0.178	0.037	0.181	0.038	Spectrum Read#3
D	0.039	0.188	0.038	0.183	0.038	0.186	0.037	0.186	0.039	0.185	0.037	0.188	Spectrum Read#3
E	0.189	0.036	0.183	0.037	0.184	0.036	0.182	0.039	0.190	0.038	0.182	0.037	Spectrum Read#3
F	0.040	0.179	0.038	0.184	0.039	0.188	0.347	0.190	0.037	0.184	0.037	0.186	Spectrum Read#3
G	0.183	0.036	0.190	0.038	0.187	0.038	0.185	0.039	0.184	0.036	0.182	0.036	Spectrum Read#3
H	0.037	0.181	0.039	0.184	0.037	0.179	0.038	0.181	0.038	0.186	0.038	0.188	Spectrum Read#3

Spectrum
Wavelength 4 (500 nm)
	1	2	3	4	5	6	7	8	9	10	11	12
A	0.197	0.036	0.202	0.036	0.204	0.036	0.205	0.036	0.212	0.038	0.207	0.038	Spectrum Read#4
B	0.038	0.205	0.038	0.205	0.036	0.202	0.036	0.207	0.037	0.206	0.038	0.207	Spectrum Read#4
C	0.206	0.036	0.198	0.036	0.205	0.036	0.210	0.036	0.192	0.037	0.199	0.038	Spectrum Read#4
D	0.038	0.208	0.036	0.199	0.038	0.209	0.036	0.207	0.037	0.203	0.036	0.210	Spectrum Read#4
E	0.216	0.036	0.197	0.037	0.200	0.036	0.196	0.037	0.207	0.036	0.202	0.036	Spectrum Read#4
F	0.039	0.195	0.036	0.203	0.037	0.211	0.344	0.207	0.038	0.202	0.037	0.207	Spectrum Read#4
G	0.200	0.036	0.213	0.037	0.210	0.036	0.205	0.037	0.205	0.036	0.195	0.036	Spectrum Read#4
H	0.037	0.201	0.038	0.207	0.036	0.195	0.037	0.199	0.037	0.206	0.037	0.206	Spectrum Read#4

Spectrum
Wavelength 5 (530 nm)
	1	2	3	4	5	6	7	8	9	10	11	12
A	0.223	0.036	0.231	0.037	0.233	0.035	0.233	0.036	0.245	0.038	0.237	0.037	Spectrum Read#5
B	0.038	0.234	0.037	0.233	0.036	0.232	0.035	0.235	0.036	0.234	0.039	0.238	Spectrum Read#5
C	0.235	0.036	0.225	0.036	0.233	0.036	0.241	0.036	0.216	0.037	0.227	0.038	Spectrum Read#5
D	0.038	0.236	0.035	0.223	0.037	0.239	0.036	0.234	0.036	0.229	0.036	0.239	Spectrum Read#5
E	0.248	0.037	0.221	0.038	0.226	0.036	0.220	0.036	0.233	0.036	0.230	0.036	Spectrum Read#5
F	0.039	0.220	0.035	0.230	0.036	0.242	0.339	0.233	0.038	0.229	0.037	0.235	Spectrum Read#5
G	0.226	0.036	0.243	0.036	0.241	0.036	0.234	0.037	0.232	0.036	0.220	0.035	Spectrum Read#5
H	0.037	0.229	0.037	0.237	0.036	0.220	0.036	0.226	0.036	0.234	0.037	0.234	Spectrum Read#5

Spectrum
Wavelength 6 (560 nm)
	1	2	3	4	5	6	7	8	9	10	11	12
A	0.237	0.037	0.241	0.037	0.243	0.035	0.243	0.036	0.248	0.038	0.245	0.038	Spectrum Read#6
B	0.038	0.243	0.037	0.241	0.036	0.239	0.035	0.244	0.036	0.241	0.038	0.244	Spectrum Read#6
C	0.243	0.036	0.238	0.036	0.242	0.036	0.246	0.036	0.232	0.038	0.238	0.037	Spectrum Read#6
D	0.037	0.245	0.036	0.235	0.037	0.246	0.036	0.243	0.035	0.239	0.037	0.245	Spectrum Read#6
E	0.251	0.037	0.234	0.037	0.238	0.036	0.234	0.036	0.243	0.036	0.240	0.035	Spectrum Read#6
F	0.039	0.233	0.036	0.241	0.037	0.248	0.344	0.243	0.037	0.240	0.036	0.243	Spectrum Read#6
G	0.238	0.036	0.249	0.036	0.247	0.036	0.242	0.038	0.240	0.036	0.234	0.036	Spectrum Read#6
H	0.037	0.237	0.036	0.243	0.037	0.233	0.037	0.237	0.036	0.242	0.037	0.244	Spectrum Read#6

Spectrum
Wavelength 7 (590 nm)
	1	2	3	4	5	6	7	8	9	10	11	12
A	0.249	0.038	0.242	0.037	0.244	0.036	0.245	0.036	0.227	0.038	0.241	0.038	Spectrum Read#7
B	0.038	0.244	0.037	0.241	0.036	0.234	0.036	0.243	0.036	0.236	0.038	0.234	Spectrum Read#7
C	0.240	0.037	0.250	0.037	0.241	0.036	0.236	0.037	0.253	0.039	0.244	0.038	Spectrum Read#7
D	0.037	0.245	0.037	0.250	0.037	0.239	0.036	0.245	0.036	0.245	0.038	0.239	Spectrum Read#7
E	0.231	0.038	0.250	0.036	0.247	0.036	0.252	0.038	0.253	0.037	0.243	0.036	Spectrum Read#7
F	0.040	0.247	0.037	0.247	0.038	0.237	0.345	0.247	0.036	0.244	0.036	0.243	Spectrum Read#7
G	0.248	0.036	0.243	0.037	0.234	0.037	0.239	0.039	0.239	0.036	0.251	0.036	Spectrum Read#7
H	0.037	0.238	0.037	0.233	0.038	0.245	0.038	0.245	0.036	0.240	0.037	0.251	Spectrum Read#7

Spectrum
Wavelength 8 (620 nm)
	1	2	3	4	5	6	7	8	9	10	11	12
A	0.232	0.037	0.221	0.036	0.222	0.035	0.225	0.035	0.197	0.038	0.218	0.037	Spectrum Read#8
B	0.037	0.222	0.036	0.219	0.035	0.210	0.035	0.221	0.035	0.212	0.037	0.208	Spectrum Read#8
C	0.217	0.038	0.234	0.037	0.219	0.035	0.210	0.036	0.240	0.038	0.226	0.037	Spectrum Read#8
D	0.036	0.224	0.037	0.235	0.035	0.214	0.035	0.224	0.036	0.227	0.038	0.214	Spectrum Read#8
E	0.201	0.037	0.237	0.035	0.229	0.035	0.238	0.037	0.236	0.037	0.223	0.035	Spectrum Read#8
F	0.040	0.231	0.037	0.228	0.038	0.211	0.343	0.227	0.035	0.225	0.035	0.222	Spectrum Read#8
G	0.232	0.035	0.219	0.037	0.206	0.037	0.216	0.037	0.218	0.035	0.237	0.035	Spectrum Read#8
H	0.037	0.217	0.036	0.207	0.037	0.229	0.037	0.227	0.035	0.218	0.036	0.233	Spectrum Read#8

Spectrum
Wavelength 9 (650 nm)
	1	2	3	4	5	6	7	8	9	10	11	12
A	0.339	0.037	0.319	0.036	0.320	0.034	0.324	0.035	0.274	0.037	0.311	0.037	Spectrum Read#9
B	0.036	0.320	0.035	0.314	0.035	0.301	0.034	0.317	0.034	0.302	0.036	0.294	Spectrum Read#9
C	0.310	0.037	0.339	0.036	0.313	0.035	0.297	0.036	0.352	0.037	0.325	0.035	Spectrum Read#9
D	0.035	0.321	0.037	0.344	0.035	0.305	0.035	0.322	0.036	0.328	0.037	0.304	Spectrum Read#9
E	0.280	0.036	0.345	0.035	0.330	0.034	0.347	0.036	0.340	0.037	0.319	0.035	Spectrum Read#9
F	0.039	0.337	0.037	0.330	0.036	0.298	0.338	0.323	0.034	0.323	0.035	0.316	Spectrum Read#9
G	0.336	0.034	0.311	0.036	0.288	0.035	0.308	0.036	0.310	0.034	0.345	0.035	Spectrum Read#9
H	0.036	0.312	0.035	0.293	0.037	0.332	0.036	0.327	0.035	0.310	0.035	0.334	Spectrum Read#9

Spectrum
Wavelength 10 (680 nm)
	1	2	3	4	5	6	7	8	9	10	11	12
A	0.115	0.037	0.112	0.036	0.111	0.034	0.112	0.034	0.101	0.037	0.111	0.036	Spectrum Read#10
B	0.035	0.111	0.034	0.109	0.034	0.105	0.034	0.111	0.034	0.107	0.035	0.105	Spectrum Read#10
C	0.108	0.037	0.116	0.036	0.111	0.034	0.106	0.035	0.119	0.036	0.114	0.035	Spectrum Read#10
D	0.034	0.114	0.037	0.118	0.035	0.109	0.034	0.113	0.037	0.116	0.037	0.107	Spectrum Read#10
E	0.102	0.036	0.119	0.035	0.114	0.034	0.118	0.035	0.120	0.037	0.111	0.034	Spectrum Read#10
F	0.039	0.113	0.037	0.114	0.035	0.107	0.337	0.114	0.035	0.114	0.034	0.112	Spectrum Read#10
G	0.115	0.034	0.111	0.035	0.104	0.035	0.108	0.035	0.110	0.034	0.117	0.034	Spectrum Read#10
H	0.036	0.108	0.034	0.105	0.037	0.113	0.035	0.114	0.034	0.109	0.035	0.116	Spectrum Read#10

