Spectrum
Wavelength 1 (410 nm)
	1	2	3	4	5	6	7	8	9	10	11	12
A	0.298	0.042	0.298	0.041	0.290	0.042	0.304	0.041	0.290	0.042	0.289	0.041	Spectrum Read#1
B	0.041	0.287	0.041	0.296	0.041	0.289	0.041	0.295	0.041	0.291	0.041	0.285	Spectrum Read#1
C	0.290	0.042	0.291	0.041	0.288	0.042	0.292	0.042	0.288	0.041	0.287	0.042	Spectrum Read#1
D	0.041	0.281	0.041	0.299	0.041	0.302	0.041	0.286	0.044	0.268	0.045	0.281	Spectrum Read#1
E	0.283	0.089	0.278	0.041	0.285	0.041	0.283	0.044	0.286	0.043	0.277	0.041	Spectrum Read#1
F	0.042	0.287	0.041	0.276	0.043	0.287	0.043	0.303	0.041	0.268	0.042	0.279	Spectrum Read#1
G	0.280	0.042	0.286	0.041	0.281	0.042	0.281	0.043	0.273	0.042	0.277	0.042	Spectrum Read#1
H	0.041	0.282	0.041	0.276	0.042	0.275	0.042	0.279	0.042	0.275	0.042	0.275	Spectrum Read#1

Spectrum
Wavelength 2 (440 nm)
	1	2	3	4	5	6	7	8	9	10	11	12
A	0.280	0.040	0.280	0.038	0.275	0.040	0.286	0.038	0.273	0.040	0.271	0.038	Spectrum Read#2
B	0.038	0.269	0.038	0.277	0.039	0.272	0.039	0.278	0.038	0.273	0.039	0.268	Spectrum Read#2
C	0.273	0.039	0.273	0.039	0.270	0.040	0.274	0.039	0.270	0.038	0.269	0.038	Spectrum Read#2
D	0.039	0.263	0.038	0.280	0.038	0.282	0.039	0.270	0.042	0.251	0.042	0.263	Spectrum Read#2
E	0.265	0.083	0.261	0.038	0.268	0.038	0.266	0.042	0.267	0.040	0.260	0.038	Spectrum Read#2
F	0.040	0.269	0.039	0.258	0.040	0.269	0.041	0.286	0.039	0.252	0.039	0.260	Spectrum Read#2
G	0.262	0.039	0.267	0.039	0.263	0.040	0.262	0.041	0.255	0.039	0.260	0.039	Spectrum Read#2
H	0.040	0.264	0.039	0.259	0.039	0.257	0.039	0.261	0.040	0.257	0.039	0.256	Spectrum Read#2

Spectrum
Wavelength 3 (470 nm)
	1	2	3	4	5	6	7	8	9	10	11	12
A	0.283	0.038	0.285	0.037	0.289	0.039	0.290	0.037	0.281	0.038	0.272	0.037	Spectrum Read#3
B	0.036	0.281	0.037	0.281	0.037	0.278	0.037	0.293	0.036	0.277	0.038	0.281	Spectrum Read#3
C	0.279	0.037	0.278	0.037	0.276	0.038	0.281	0.038	0.275	0.037	0.275	0.037	Spectrum Read#3
D	0.037	0.273	0.037	0.282	0.037	0.287	0.037	0.285	0.041	0.256	0.040	0.268	Spectrum Read#3
E	0.274	0.078	0.274	0.037	0.276	0.037	0.279	0.039	0.270	0.039	0.271	0.037	Spectrum Read#3
F	0.037	0.277	0.037	0.262	0.038	0.277	0.039	0.298	0.037	0.263	0.038	0.263	Spectrum Read#3
G	0.273	0.038	0.274	0.037	0.268	0.037	0.265	0.039	0.265	0.037	0.266	0.037	Spectrum Read#3
H	0.039	0.276	0.037	0.269	0.038	0.266	0.037	0.269	0.038	0.264	0.037	0.258	Spectrum Read#3

Spectrum
Wavelength 4 (500 nm)
	1	2	3	4	5	6	7	8	9	10	11	12
A	0.336	0.037	0.340	0.036	0.357	0.037	0.342	0.036	0.340	0.037	0.318	0.036	Spectrum Read#4
B	0.036	0.345	0.036	0.334	0.036	0.335	0.036	0.363	0.036	0.329	0.037	0.345	Spectrum Read#4
C	0.335	0.037	0.332	0.036	0.330	0.037	0.338	0.037	0.329	0.035	0.330	0.036	Spectrum Read#4
D	0.036	0.334	0.036	0.333	0.036	0.341	0.036	0.356	0.040	0.306	0.039	0.321	Spectrum Read#4
E	0.333	0.074	0.339	0.036	0.334	0.036	0.344	0.039	0.320	0.038	0.332	0.036	Spectrum Read#4
F	0.037	0.334	0.036	0.312	0.037	0.335	0.038	0.363	0.036	0.324	0.037	0.311	Spectrum Read#4
G	0.334	0.036	0.329	0.036	0.321	0.036	0.315	0.038	0.324	0.036	0.321	0.036	Spectrum Read#4
H	0.038	0.339	0.036	0.331	0.038	0.325	0.036	0.326	0.037	0.317	0.036	0.305	Spectrum Read#4

Spectrum
Wavelength 5 (530 nm)
	1	2	3	4	5	6	7	8	9	10	11	12
A	0.390	0.036	0.397	0.035	0.421	0.037	0.397	0.035	0.398	0.037	0.369	0.035	Spectrum Read#5
B	0.035	0.408	0.035	0.390	0.036	0.392	0.036	0.429	0.035	0.385	0.036	0.408	Spectrum Read#5
C	0.392	0.036	0.389	0.036	0.387	0.036	0.396	0.036	0.385	0.035	0.386	0.035	Spectrum Read#5
D	0.035	0.393	0.035	0.387	0.035	0.399	0.036	0.422	0.039	0.358	0.038	0.375	Spectrum Read#5
E	0.393	0.071	0.402	0.036	0.392	0.035	0.406	0.038	0.374	0.037	0.393	0.035	Spectrum Read#5
F	0.036	0.392	0.036	0.365	0.037	0.393	0.037	0.425	0.036	0.383	0.036	0.364	Spectrum Read#5
G	0.394	0.036	0.386	0.035	0.376	0.036	0.367	0.037	0.384	0.036	0.376	0.035	Spectrum Read#5
H	0.038	0.400	0.036	0.391	0.037	0.383	0.036	0.384	0.037	0.372	0.036	0.356	Spectrum Read#5

Spectrum
Wavelength 6 (560 nm)
	1	2	3	4	5	6	7	8	9	10	11	12
A	0.386	0.036	0.391	0.035	0.402	0.037	0.393	0.035	0.389	0.036	0.369	0.035	Spectrum Read#6
B	0.035	0.394	0.035	0.387	0.036	0.385	0.036	0.411	0.035	0.381	0.036	0.393	Spectrum Read#6
C	0.385	0.036	0.385	0.036	0.382	0.036	0.389	0.036	0.381	0.035	0.380	0.035	Spectrum Read#6
D	0.035	0.383	0.035	0.386	0.035	0.396	0.036	0.403	0.039	0.354	0.039	0.370	Spectrum Read#6
E	0.384	0.068	0.387	0.035	0.384	0.035	0.393	0.038	0.373	0.037	0.382	0.035	Spectrum Read#6
F	0.036	0.385	0.035	0.362	0.037	0.385	0.037	0.410	0.036	0.369	0.036	0.363	Spectrum Read#6
G	0.383	0.036	0.381	0.035	0.373	0.036	0.366	0.037	0.375	0.036	0.370	0.035	Spectrum Read#6
H	0.038	0.388	0.036	0.380	0.037	0.375	0.036	0.377	0.037	0.367	0.036	0.357	Spectrum Read#6

Spectrum
Wavelength 7 (590 nm)
	1	2	3	4	5	6	7	8	9	10	11	12
A	0.329	0.036	0.327	0.036	0.302	0.037	0.336	0.035	0.314	0.036	0.326	0.035	Spectrum Read#7
B	0.035	0.306	0.035	0.332	0.036	0.318	0.036	0.310	0.035	0.325	0.036	0.302	Spectrum Read#7
C	0.320	0.036	0.324	0.036	0.319	0.036	0.321	0.036	0.321	0.035	0.317	0.035	Spectrum Read#7
D	0.035	0.306	0.035	0.336	0.035	0.338	0.036	0.299	0.039	0.297	0.039	0.310	Spectrum Read#7
E	0.309	0.066	0.297	0.035	0.311	0.035	0.303	0.037	0.325	0.037	0.300	0.035	Spectrum Read#7
F	0.036	0.315	0.035	0.309	0.037	0.314	0.037	0.320	0.036	0.285	0.036	0.316	Spectrum Read#7
G	0.304	0.036	0.317	0.035	0.315	0.035	0.318	0.037	0.299	0.036	0.306	0.035	Spectrum Read#7
H	0.038	0.305	0.036	0.300	0.037	0.303	0.036	0.309	0.037	0.307	0.036	0.315	Spectrum Read#7

Spectrum
Wavelength 8 (620 nm)
	1	2	3	4	5	6	7	8	9	10	11	12
A	0.270	0.036	0.265	0.035	0.224	0.036	0.277	0.035	0.248	0.036	0.275	0.035	Spectrum Read#8
B	0.035	0.233	0.035	0.273	0.035	0.254	0.036	0.230	0.035	0.266	0.036	0.228	Spectrum Read#8
C	0.257	0.035	0.264	0.035	0.257	0.036	0.258	0.036	0.261	0.035	0.256	0.035	Spectrum Read#8
D	0.036	0.238	0.035	0.280	0.035	0.277	0.035	0.218	0.038	0.242	0.038	0.252	Spectrum Read#8
E	0.242	0.063	0.223	0.035	0.246	0.035	0.230	0.037	0.270	0.037	0.231	0.035	Spectrum Read#8
F	0.035	0.250	0.035	0.254	0.036	0.249	0.036	0.246	0.035	0.216	0.036	0.263	Spectrum Read#8
G	0.235	0.036	0.255	0.035	0.256	0.035	0.264	0.036	0.233	0.035	0.246	0.035	Spectrum Read#8
H	0.037	0.234	0.035	0.232	0.037	0.237	0.035	0.246	0.037	0.248	0.035	0.265	Spectrum Read#8

Spectrum
Wavelength 9 (650 nm)
	1	2	3	4	5	6	7	8	9	10	11	12
A	0.353	0.035	0.344	0.034	0.273	0.036	0.363	0.034	0.317	0.035	0.368	0.034	Spectrum Read#9
B	0.034	0.293	0.034	0.362	0.035	0.331	0.035	0.283	0.034	0.351	0.035	0.284	Spectrum Read#9
C	0.336	0.034	0.349	0.035	0.337	0.035	0.335	0.035	0.344	0.034	0.335	0.034	Spectrum Read#9
D	0.034	0.306	0.034	0.373	0.034	0.367	0.035	0.266	0.038	0.318	0.037	0.329	Spectrum Read#9
E	0.314	0.060	0.280	0.034	0.318	0.034	0.289	0.036	0.362	0.036	0.295	0.034	Spectrum Read#9
F	0.035	0.324	0.034	0.337	0.036	0.324	0.036	0.304	0.034	0.270	0.035	0.353	Spectrum Read#9
G	0.301	0.035	0.335	0.034	0.339	0.035	0.354	0.036	0.302	0.035	0.321	0.034	Spectrum Read#9
H	0.037	0.298	0.034	0.297	0.036	0.308	0.035	0.322	0.036	0.327	0.035	0.357	Spectrum Read#9

Spectrum
Wavelength 10 (680 nm)
	1	2	3	4	5	6	7	8	9	10	11	12
A	0.131	0.035	0.129	0.034	0.110	0.035	0.136	0.034	0.121	0.035	0.133	0.034	Spectrum Read#10
B	0.034	0.114	0.034	0.132	0.034	0.124	0.034	0.113	0.034	0.130	0.035	0.112	Spectrum Read#10
C	0.124	0.034	0.128	0.034	0.125	0.034	0.126	0.035	0.127	0.033	0.125	0.034	Spectrum Read#10
D	0.034	0.117	0.034	0.138	0.034	0.133	0.034	0.108	0.037	0.120	0.037	0.123	Spectrum Read#10
E	0.119	0.057	0.111	0.034	0.120	0.034	0.115	0.036	0.131	0.035	0.114	0.034	Spectrum Read#10
F	0.034	0.124	0.034	0.124	0.035	0.123	0.035	0.132	0.034	0.108	0.035	0.128	Spectrum Read#10
G	0.117	0.035	0.125	0.034	0.126	0.035	0.129	0.035	0.115	0.034	0.121	0.034	Spectrum Read#10
H	0.036	0.116	0.034	0.115	0.036	0.117	0.034	0.121	0.036	0.122	0.034	0.130	Spectrum Read#10

