Spectrum
Wavelength 1 (410 nm)
	1	2	3	4	5	6	7	8	9	10	11	12
A	0.234	0.039	0.228	0.038	0.232	0.039	0.231	0.038	0.227	0.038	0.227	0.037	Spectrum Read#1
B	0.038	0.226	0.038	0.226	0.037	0.233	0.038	0.237	0.037	0.230	0.038	0.227	Spectrum Read#1
C	0.228	0.040	0.232	0.038	0.229	0.039	0.230	0.039	0.228	0.038	0.227	0.038	Spectrum Read#1
D	0.038	0.232	0.038	0.233	0.038	0.229	0.038	0.231	0.038	0.226	0.038	0.220	Spectrum Read#1
E	0.234	0.038	0.227	0.038	0.230	0.038	0.226	0.038	0.229	0.038	0.226	0.038	Spectrum Read#1
F	0.039	0.225	0.038	0.229	0.038	0.228	0.040	0.219	0.038	0.223	0.038	0.229	Spectrum Read#1
G	0.230	0.038	0.226	0.038	0.228	0.038	0.222	0.038	0.225	0.038	0.229	0.038	Spectrum Read#1
H	0.038	0.225	0.038	0.227	0.038	0.226	0.038	0.224	0.038	0.222	0.038	0.223	Spectrum Read#1

Spectrum
Wavelength 2 (440 nm)
	1	2	3	4	5	6	7	8	9	10	11	12
A	0.220	0.037	0.213	0.036	0.217	0.037	0.216	0.036	0.213	0.037	0.213	0.035	Spectrum Read#2
B	0.036	0.212	0.036	0.212	0.036	0.218	0.036	0.221	0.036	0.215	0.036	0.212	Spectrum Read#2
C	0.213	0.038	0.217	0.036	0.215	0.037	0.216	0.037	0.214	0.036	0.213	0.036	Spectrum Read#2
D	0.036	0.217	0.036	0.218	0.036	0.215	0.036	0.215	0.036	0.211	0.036	0.206	Spectrum Read#2
E	0.218	0.036	0.213	0.036	0.215	0.036	0.212	0.036	0.214	0.036	0.211	0.036	Spectrum Read#2
F	0.037	0.211	0.036	0.214	0.036	0.213	0.038	0.205	0.036	0.209	0.036	0.214	Spectrum Read#2
G	0.215	0.037	0.212	0.036	0.215	0.037	0.209	0.036	0.210	0.037	0.214	0.036	Spectrum Read#2
H	0.037	0.210	0.036	0.212	0.037	0.212	0.036	0.210	0.036	0.207	0.036	0.209	Spectrum Read#2

Spectrum
Wavelength 3 (470 nm)
	1	2	3	4	5	6	7	8	9	10	11	12
A	0.215	0.037	0.210	0.035	0.211	0.037	0.212	0.035	0.213	0.036	0.211	0.035	Spectrum Read#3
B	0.035	0.214	0.035	0.213	0.035	0.215	0.035	0.215	0.035	0.211	0.035	0.205	Spectrum Read#3
C	0.209	0.037	0.213	0.035	0.210	0.036	0.215	0.036	0.213	0.035	0.212	0.035	Spectrum Read#3
D	0.035	0.212	0.035	0.211	0.035	0.213	0.035	0.211	0.035	0.209	0.035	0.199	Spectrum Read#3
E	0.210	0.036	0.211	0.035	0.214	0.035	0.213	0.035	0.210	0.035	0.208	0.035	Spectrum Read#3
F	0.036	0.207	0.036	0.212	0.035	0.210	0.037	0.201	0.035	0.210	0.036	0.207	Spectrum Read#3
G	0.206	0.036	0.210	0.035	0.216	0.036	0.211	0.035	0.208	0.036	0.210	0.035	Spectrum Read#3
H	0.037	0.207	0.036	0.209	0.036	0.208	0.036	0.210	0.035	0.204	0.035	0.205	Spectrum Read#3

Spectrum
Wavelength 4 (500 nm)
	1	2	3	4	5	6	7	8	9	10	11	12
A	0.242	0.037	0.237	0.035	0.234	0.036	0.238	0.035	0.244	0.036	0.239	0.035	Spectrum Read#4
B	0.035	0.249	0.035	0.248	0.035	0.243	0.035	0.239	0.035	0.237	0.035	0.227	Spectrum Read#4
C	0.236	0.037	0.239	0.035	0.236	0.035	0.247	0.036	0.245	0.035	0.242	0.035	Spectrum Read#4
D	0.035	0.239	0.035	0.234	0.035	0.244	0.035	0.236	0.035	0.239	0.035	0.221	Spectrum Read#4
E	0.230	0.035	0.241	0.035	0.245	0.035	0.248	0.035	0.235	0.035	0.235	0.035	Spectrum Read#4
F	0.036	0.234	0.035	0.240	0.035	0.238	0.036	0.225	0.035	0.244	0.035	0.230	Spectrum Read#4
G	0.225	0.036	0.240	0.035	0.251	0.035	0.246	0.035	0.238	0.035	0.235	0.035	Spectrum Read#4
H	0.037	0.232	0.035	0.235	0.036	0.235	0.035	0.244	0.035	0.232	0.035	0.230	Spectrum Read#4

Spectrum
Wavelength 5 (530 nm)
	1	2	3	4	5	6	7	8	9	10	11	12
A	0.276	0.036	0.272	0.035	0.266	0.036	0.271	0.035	0.281	0.035	0.274	0.034	Spectrum Read#5
B	0.034	0.288	0.035	0.288	0.035	0.278	0.035	0.271	0.035	0.270	0.035	0.257	Spectrum Read#5
C	0.270	0.037	0.273	0.035	0.268	0.035	0.284	0.035	0.282	0.035	0.278	0.035	Spectrum Read#5
D	0.035	0.273	0.035	0.265	0.035	0.281	0.035	0.269	0.034	0.275	0.035	0.250	Spectrum Read#5
E	0.261	0.035	0.278	0.035	0.281	0.035	0.287	0.035	0.269	0.035	0.270	0.035	Spectrum Read#5
F	0.035	0.267	0.035	0.276	0.035	0.274	0.036	0.257	0.035	0.282	0.035	0.261	Spectrum Read#5
G	0.255	0.035	0.276	0.035	0.290	0.035	0.285	0.035	0.274	0.035	0.268	0.035	Spectrum Read#5
H	0.037	0.267	0.035	0.270	0.036	0.269	0.035	0.282	0.035	0.266	0.035	0.263	Spectrum Read#5

Spectrum
Wavelength 6 (560 nm)
	1	2	3	4	5	6	7	8	9	10	11	12
A	0.283	0.036	0.279	0.035	0.276	0.036	0.279	0.035	0.284	0.035	0.280	0.034	Spectrum Read#6
B	0.034	0.287	0.034	0.289	0.035	0.284	0.035	0.281	0.034	0.278	0.035	0.268	Spectrum Read#6
C	0.277	0.037	0.280	0.035	0.276	0.035	0.287	0.035	0.284	0.035	0.282	0.035	Spectrum Read#6
D	0.034	0.281	0.035	0.276	0.034	0.285	0.034	0.278	0.035	0.279	0.035	0.259	Spectrum Read#6
E	0.273	0.035	0.282	0.035	0.285	0.035	0.287	0.034	0.277	0.035	0.277	0.035	Spectrum Read#6
F	0.035	0.275	0.035	0.281	0.035	0.280	0.036	0.265	0.035	0.283	0.035	0.271	Spectrum Read#6
G	0.269	0.035	0.281	0.035	0.290	0.035	0.286	0.034	0.279	0.035	0.276	0.034	Spectrum Read#6
H	0.037	0.275	0.035	0.278	0.036	0.276	0.035	0.284	0.035	0.273	0.035	0.271	Spectrum Read#6

Spectrum
Wavelength 7 (590 nm)
	1	2	3	4	5	6	7	8	9	10	11	12
A	0.273	0.036	0.267	0.034	0.277	0.035	0.270	0.034	0.259	0.035	0.264	0.034	Spectrum Read#7
B	0.034	0.254	0.034	0.257	0.034	0.270	0.034	0.280	0.034	0.269	0.035	0.270	Spectrum Read#7
C	0.265	0.036	0.270	0.035	0.268	0.035	0.262	0.035	0.259	0.034	0.260	0.034	Spectrum Read#7
D	0.034	0.271	0.034	0.279	0.034	0.264	0.034	0.273	0.034	0.260	0.034	0.261	Spectrum Read#7
E	0.281	0.035	0.263	0.034	0.264	0.034	0.253	0.034	0.270	0.035	0.264	0.035	Spectrum Read#7
F	0.035	0.264	0.034	0.264	0.034	0.266	0.035	0.258	0.034	0.253	0.035	0.271	Spectrum Read#7
G	0.278	0.035	0.262	0.035	0.258	0.035	0.252	0.034	0.261	0.035	0.269	0.034	Spectrum Read#7
H	0.037	0.266	0.034	0.268	0.036	0.266	0.035	0.255	0.035	0.259	0.035	0.263	Spectrum Read#7

Spectrum
Wavelength 8 (620 nm)
	1	2	3	4	5	6	7	8	9	10	11	12
A	0.244	0.036	0.237	0.034	0.253	0.035	0.242	0.035	0.224	0.035	0.233	0.034	Spectrum Read#8
B	0.034	0.215	0.034	0.218	0.034	0.239	0.034	0.255	0.035	0.241	0.035	0.248	Spectrum Read#8
C	0.236	0.036	0.241	0.035	0.240	0.035	0.227	0.035	0.224	0.034	0.227	0.034	Spectrum Read#8
D	0.035	0.242	0.034	0.255	0.034	0.230	0.034	0.246	0.034	0.228	0.034	0.238	Spectrum Read#8
E	0.259	0.035	0.230	0.034	0.230	0.034	0.214	0.034	0.243	0.034	0.234	0.034	Spectrum Read#8
F	0.035	0.235	0.034	0.232	0.034	0.235	0.035	0.232	0.034	0.215	0.035	0.247	Spectrum Read#8
G	0.259	0.035	0.228	0.034	0.218	0.035	0.213	0.034	0.229	0.035	0.242	0.034	Spectrum Read#8
H	0.036	0.238	0.034	0.239	0.036	0.237	0.035	0.217	0.035	0.229	0.035	0.236	Spectrum Read#8

Spectrum
Wavelength 9 (650 nm)
	1	2	3	4	5	6	7	8	9	10	11	12
A	0.346	0.035	0.338	0.034	0.365	0.034	0.345	0.034	0.313	0.034	0.329	0.033	Spectrum Read#9
B	0.034	0.295	0.034	0.302	0.034	0.339	0.034	0.365	0.034	0.344	0.034	0.357	Spectrum Read#9
C	0.335	0.035	0.342	0.034	0.342	0.034	0.316	0.034	0.311	0.034	0.318	0.034	Spectrum Read#9
D	0.034	0.345	0.034	0.368	0.033	0.324	0.034	0.353	0.034	0.319	0.033	0.342	Spectrum Read#9
E	0.375	0.034	0.324	0.033	0.323	0.034	0.295	0.034	0.348	0.034	0.333	0.034	Spectrum Read#9
F	0.034	0.335	0.034	0.327	0.034	0.334	0.034	0.331	0.033	0.298	0.034	0.356	Spectrum Read#9
G	0.376	0.034	0.323	0.033	0.301	0.034	0.295	0.033	0.324	0.034	0.346	0.033	Spectrum Read#9
H	0.036	0.341	0.034	0.341	0.035	0.338	0.034	0.301	0.035	0.326	0.034	0.336	Spectrum Read#9

Spectrum
Wavelength 10 (680 nm)
	1	2	3	4	5	6	7	8	9	10	11	12
A	0.121	0.035	0.117	0.033	0.123	0.034	0.119	0.033	0.111	0.034	0.115	0.033	Spectrum Read#10
B	0.033	0.107	0.033	0.109	0.033	0.118	0.033	0.124	0.033	0.118	0.033	0.121	Spectrum Read#10
C	0.116	0.035	0.119	0.033	0.119	0.034	0.113	0.034	0.112	0.033	0.112	0.033	Spectrum Read#10
D	0.033	0.118	0.033	0.126	0.033	0.115	0.033	0.121	0.033	0.113	0.033	0.117	Spectrum Read#10
E	0.126	0.034	0.114	0.033	0.114	0.033	0.108	0.033	0.119	0.033	0.116	0.033	Spectrum Read#10
F	0.034	0.116	0.033	0.116	0.033	0.116	0.034	0.114	0.033	0.109	0.034	0.120	Spectrum Read#10
G	0.125	0.034	0.113	0.033	0.110	0.034	0.107	0.033	0.113	0.034	0.120	0.033	Spectrum Read#10
H	0.036	0.117	0.033	0.119	0.035	0.117	0.033	0.109	0.034	0.114	0.034	0.117	Spectrum Read#10

