Spectrum
Wavelength 1 (410 nm)
	1	2	3	4	5	6	7	8	9	10	11	12
A	0.283	0.041	0.282	0.042	0.277	0.042	0.290	0.042	0.281	0.042	0.281	0.041	Spectrum Read#1
B	0.041	0.281	0.041	0.286	0.041	0.286	0.042	0.287	0.041	0.283	0.042	0.281	Spectrum Read#1
C	0.281	0.041	0.284	0.042	0.279	0.043	0.283	0.042	0.282	0.042	0.285	0.042	Spectrum Read#1
D	0.041	0.283	0.042	0.288	0.042	0.278	0.042	0.284	0.044	0.281	0.073	0.280	Spectrum Read#1
E	0.278	0.043	0.293	0.041	0.285	0.056	0.302	0.045	0.276	0.041	0.291	0.042	Spectrum Read#1
F	0.041	0.274	0.042	0.281	0.042	0.283	0.044	0.293	0.042	0.279	0.042	0.274	Spectrum Read#1
G	0.277	0.042	0.275	0.041	0.282	0.042	0.275	0.044	0.271	0.042	0.273	0.042	Spectrum Read#1
H	0.041	0.275	0.041	0.270	0.042	0.274	0.042	0.276	0.086	0.272	0.042	0.274	Spectrum Read#1

Spectrum
Wavelength 2 (440 nm)
	1	2	3	4	5	6	7	8	9	10	11	12
A	0.265	0.038	0.266	0.039	0.261	0.040	0.273	0.039	0.265	0.038	0.265	0.038	Spectrum Read#2
B	0.038	0.264	0.039	0.269	0.038	0.268	0.039	0.269	0.039	0.266	0.039	0.264	Spectrum Read#2
C	0.264	0.038	0.267	0.038	0.262	0.040	0.267	0.039	0.266	0.039	0.268	0.039	Spectrum Read#2
D	0.038	0.265	0.039	0.271	0.039	0.263	0.039	0.266	0.041	0.264	0.072	0.262	Spectrum Read#2
E	0.262	0.040	0.275	0.039	0.268	0.052	0.284	0.042	0.260	0.038	0.273	0.039	Spectrum Read#2
F	0.038	0.258	0.039	0.263	0.039	0.265	0.041	0.276	0.039	0.262	0.039	0.257	Spectrum Read#2
G	0.259	0.039	0.257	0.038	0.264	0.039	0.259	0.041	0.254	0.039	0.256	0.039	Spectrum Read#2
H	0.039	0.259	0.039	0.254	0.039	0.257	0.039	0.258	0.080	0.255	0.040	0.257	Spectrum Read#2

Spectrum
Wavelength 3 (470 nm)
	1	2	3	4	5	6	7	8	9	10	11	12
A	0.272	0.036	0.275	0.038	0.273	0.038	0.278	0.037	0.274	0.037	0.274	0.036	Spectrum Read#3
B	0.036	0.273	0.037	0.276	0.036	0.274	0.037	0.274	0.036	0.271	0.037	0.276	Spectrum Read#3
C	0.272	0.036	0.279	0.037	0.273	0.038	0.280	0.037	0.281	0.037	0.275	0.036	Spectrum Read#3
D	0.036	0.272	0.037	0.283	0.037	0.278	0.037	0.276	0.039	0.273	0.070	0.267	Spectrum Read#3
E	0.268	0.038	0.278	0.037	0.276	0.049	0.294	0.040	0.275	0.037	0.278	0.037	Spectrum Read#3
F	0.036	0.268	0.037	0.269	0.037	0.271	0.039	0.287	0.037	0.273	0.037	0.267	Spectrum Read#3
G	0.261	0.037	0.267	0.037	0.269	0.037	0.275	0.039	0.265	0.038	0.262	0.037	Spectrum Read#3
H	0.037	0.268	0.037	0.266	0.038	0.263	0.037	0.262	0.075	0.264	0.038	0.264	Spectrum Read#3

Spectrum
Wavelength 4 (500 nm)
	1	2	3	4	5	6	7	8	9	10	11	12
A	0.328	0.036	0.333	0.037	0.338	0.037	0.332	0.036	0.335	0.036	0.332	0.035	Spectrum Read#4
B	0.035	0.331	0.036	0.334	0.035	0.329	0.036	0.328	0.036	0.324	0.036	0.338	Spectrum Read#4
C	0.330	0.035	0.342	0.036	0.334	0.037	0.347	0.036	0.351	0.036	0.331	0.036	Spectrum Read#4
D	0.035	0.329	0.036	0.347	0.036	0.348	0.036	0.336	0.038	0.332	0.069	0.320	Spectrum Read#4
E	0.323	0.037	0.330	0.036	0.335	0.047	0.359	0.038	0.342	0.036	0.334	0.036	Spectrum Read#4
F	0.035	0.328	0.036	0.323	0.036	0.325	0.038	0.353	0.036	0.336	0.036	0.325	Spectrum Read#4
G	0.308	0.036	0.326	0.036	0.323	0.036	0.344	0.038	0.324	0.036	0.314	0.036	Spectrum Read#4
H	0.036	0.326	0.036	0.328	0.037	0.316	0.036	0.311	0.071	0.321	0.036	0.316	Spectrum Read#4

Spectrum
Wavelength 5 (530 nm)
	1	2	3	4	5	6	7	8	9	10	11	12
A	0.384	0.035	0.391	0.036	0.399	0.036	0.387	0.035	0.393	0.035	0.390	0.035	Spectrum Read#5
B	0.035	0.388	0.035	0.392	0.035	0.384	0.036	0.382	0.035	0.379	0.036	0.398	Spectrum Read#5
C	0.386	0.035	0.403	0.035	0.393	0.036	0.409	0.035	0.415	0.036	0.388	0.035	Spectrum Read#5
D	0.035	0.386	0.035	0.409	0.035	0.412	0.035	0.396	0.037	0.390	0.067	0.373	Spectrum Read#5
E	0.377	0.036	0.385	0.035	0.394	0.045	0.422	0.037	0.405	0.035	0.390	0.035	Spectrum Read#5
F	0.035	0.386	0.035	0.378	0.035	0.381	0.037	0.416	0.035	0.395	0.035	0.381	Spectrum Read#5
G	0.358	0.035	0.384	0.035	0.377	0.035	0.407	0.037	0.381	0.035	0.367	0.035	Spectrum Read#5
H	0.036	0.382	0.036	0.387	0.036	0.369	0.035	0.362	0.067	0.376	0.036	0.370	Spectrum Read#5

Spectrum
Wavelength 6 (560 nm)
	1	2	3	4	5	6	7	8	9	10	11	12
A	0.376	0.035	0.380	0.036	0.383	0.036	0.380	0.035	0.381	0.035	0.379	0.035	Spectrum Read#6
B	0.035	0.378	0.035	0.383	0.035	0.378	0.036	0.376	0.035	0.374	0.036	0.384	Spectrum Read#6
C	0.377	0.035	0.389	0.035	0.380	0.036	0.392	0.035	0.396	0.035	0.380	0.035	Spectrum Read#6
D	0.035	0.378	0.035	0.395	0.036	0.392	0.035	0.384	0.037	0.378	0.070	0.367	Spectrum Read#6
E	0.368	0.036	0.381	0.035	0.385	0.045	0.410	0.038	0.387	0.035	0.384	0.036	Spectrum Read#6
F	0.035	0.373	0.035	0.372	0.035	0.374	0.037	0.401	0.036	0.381	0.035	0.370	Spectrum Read#6
G	0.358	0.035	0.374	0.035	0.371	0.035	0.387	0.037	0.369	0.036	0.361	0.035	Spectrum Read#6
H	0.036	0.371	0.036	0.372	0.036	0.364	0.036	0.360	0.065	0.366	0.036	0.363	Spectrum Read#6

Spectrum
Wavelength 7 (590 nm)
	1	2	3	4	5	6	7	8	9	10	11	12
A	0.305	0.035	0.302	0.036	0.290	0.036	0.315	0.035	0.299	0.035	0.301	0.035	Spectrum Read#7
B	0.035	0.302	0.035	0.308	0.035	0.313	0.036	0.314	0.035	0.312	0.036	0.296	Spectrum Read#7
C	0.304	0.035	0.300	0.035	0.298	0.036	0.295	0.035	0.292	0.036	0.310	0.035	Spectrum Read#7
D	0.035	0.309	0.036	0.304	0.035	0.288	0.035	0.302	0.037	0.300	0.070	0.307	Spectrum Read#7
E	0.302	0.036	0.324	0.035	0.310	0.044	0.324	0.037	0.287	0.035	0.319	0.035	Spectrum Read#7
F	0.035	0.293	0.035	0.309	0.035	0.310	0.037	0.311	0.035	0.295	0.035	0.294	Spectrum Read#7
G	0.314	0.035	0.297	0.035	0.308	0.035	0.282	0.037	0.289	0.035	0.301	0.035	Spectrum Read#7
H	0.036	0.295	0.035	0.286	0.036	0.303	0.035	0.307	0.062	0.294	0.036	0.302	Spectrum Read#7

Spectrum
Wavelength 8 (620 nm)
	1	2	3	4	5	6	7	8	9	10	11	12
A	0.242	0.034	0.235	0.036	0.216	0.036	0.254	0.035	0.230	0.035	0.234	0.035	Spectrum Read#8
B	0.034	0.236	0.035	0.242	0.035	0.251	0.035	0.255	0.034	0.252	0.035	0.224	Spectrum Read#8
C	0.239	0.034	0.228	0.035	0.228	0.035	0.219	0.035	0.211	0.035	0.246	0.035	Spectrum Read#8
D	0.034	0.245	0.035	0.230	0.035	0.208	0.035	0.234	0.036	0.233	0.069	0.248	Spectrum Read#8
E	0.241	0.035	0.266	0.034	0.243	0.043	0.251	0.036	0.209	0.035	0.257	0.035	Spectrum Read#8
F	0.034	0.225	0.035	0.248	0.035	0.250	0.036	0.237	0.035	0.224	0.035	0.228	Spectrum Read#8
G	0.263	0.035	0.231	0.034	0.249	0.035	0.203	0.036	0.222	0.035	0.243	0.034	Spectrum Read#8
H	0.036	0.230	0.035	0.215	0.036	0.245	0.035	0.253	0.060	0.231	0.035	0.245	Spectrum Read#8

Spectrum
Wavelength 9 (650 nm)
	1	2	3	4	5	6	7	8	9	10	11	12
A	0.311	0.034	0.298	0.035	0.266	0.035	0.329	0.034	0.289	0.034	0.297	0.034	Spectrum Read#9
B	0.034	0.302	0.034	0.310	0.034	0.326	0.035	0.332	0.035	0.329	0.035	0.279	Spectrum Read#9
C	0.307	0.034	0.285	0.034	0.287	0.035	0.268	0.034	0.257	0.035	0.317	0.034	Spectrum Read#9
D	0.034	0.319	0.035	0.287	0.034	0.251	0.034	0.296	0.036	0.295	0.069	0.323	Spectrum Read#9
E	0.311	0.035	0.351	0.034	0.313	0.042	0.320	0.036	0.256	0.034	0.336	0.034	Spectrum Read#9
F	0.034	0.285	0.034	0.325	0.034	0.326	0.036	0.297	0.035	0.281	0.034	0.290	Spectrum Read#9
G	0.354	0.035	0.296	0.034	0.325	0.035	0.245	0.036	0.282	0.035	0.319	0.034	Spectrum Read#9
H	0.035	0.293	0.034	0.270	0.035	0.321	0.034	0.335	0.057	0.297	0.035	0.318	Spectrum Read#9

Spectrum
Wavelength 10 (680 nm)
	1	2	3	4	5	6	7	8	9	10	11	12
A	0.118	0.034	0.116	0.035	0.107	0.035	0.124	0.034	0.113	0.033	0.116	0.034	Spectrum Read#10
B	0.033	0.116	0.033	0.118	0.033	0.122	0.034	0.124	0.034	0.123	0.034	0.110	Spectrum Read#10
C	0.117	0.033	0.111	0.034	0.112	0.034	0.108	0.034	0.104	0.034	0.120	0.034	Spectrum Read#10
D	0.033	0.120	0.034	0.113	0.034	0.102	0.034	0.114	0.035	0.114	0.069	0.121	Spectrum Read#10
E	0.117	0.034	0.129	0.033	0.119	0.041	0.122	0.035	0.104	0.034	0.124	0.034	Spectrum Read#10
F	0.033	0.111	0.034	0.121	0.033	0.121	0.035	0.115	0.034	0.110	0.034	0.112	Spectrum Read#10
G	0.127	0.034	0.113	0.033	0.121	0.034	0.100	0.035	0.110	0.034	0.119	0.034	Spectrum Read#10
H	0.034	0.113	0.034	0.106	0.034	0.121	0.034	0.124	0.055	0.114	0.034	0.120	Spectrum Read#10

