Spectrum
Wavelength 1 (530 nm)
	1	2	3	4	5	6	7	8	9	10	11	12
A	0.325	0.038	0.324	0.036	0.315	0.038	0.316	0.036	0.329	0.037	0.327	0.036	Spectrum Read#1
B	0.036	0.326	0.036	0.319	0.036	0.314	0.038	0.328	0.036	0.313	0.036	0.304	Spectrum Read#1
C	0.316	0.037	0.326	0.036	0.320	0.038	0.314	0.036	0.302	0.036	0.305	0.036	Spectrum Read#1
D	0.036	0.311	0.036	0.320	0.036	0.313	0.036	0.343	0.036	0.310	0.036	0.310	Spectrum Read#1
E	0.311	0.038	0.309	0.036	0.316	0.036	0.321	0.038	0.320	0.036	0.332	0.036	Spectrum Read#1
F	0.039	0.308	0.036	0.311	0.038	0.323	0.127	0.310	0.053	0.328	0.036	0.322	Spectrum Read#1
G	0.307	0.037	0.314	0.036	0.317	0.038	0.303	0.036	0.312	0.038	0.304	0.036	Spectrum Read#1
H	0.051	0.299	0.036	0.306	0.036	0.304	0.036	0.309	0.036	0.308	0.038	0.311	Spectrum Read#1

Spectrum
Wavelength 2 (545 nm)
	1	2	3	4	5	6	7	8	9	10	11	12
A	0.326	0.037	0.325	0.036	0.317	0.038	0.318	0.036	0.330	0.037	0.328	0.036	Spectrum Read#2
B	0.036	0.327	0.036	0.321	0.036	0.317	0.038	0.328	0.036	0.316	0.036	0.307	Spectrum Read#2
C	0.319	0.036	0.327	0.036	0.322	0.038	0.316	0.036	0.306	0.036	0.308	0.036	Spectrum Read#2
D	0.036	0.314	0.036	0.322	0.036	0.316	0.036	0.344	0.036	0.313	0.036	0.312	Spectrum Read#2
E	0.314	0.038	0.312	0.036	0.318	0.036	0.322	0.037	0.321	0.036	0.331	0.036	Spectrum Read#2
F	0.039	0.312	0.036	0.314	0.037	0.325	0.123	0.313	0.053	0.328	0.036	0.323	Spectrum Read#2
G	0.310	0.037	0.317	0.036	0.319	0.038	0.306	0.036	0.314	0.038	0.307	0.036	Spectrum Read#2
H	0.051	0.303	0.036	0.309	0.036	0.307	0.036	0.311	0.036	0.310	0.037	0.314	Spectrum Read#2

Spectrum
Wavelength 3 (560 nm)
	1	2	3	4	5	6	7	8	9	10	11	12
A	0.318	0.037	0.317	0.036	0.311	0.038	0.311	0.036	0.319	0.036	0.317	0.036	Spectrum Read#3
B	0.036	0.320	0.036	0.316	0.036	0.315	0.037	0.318	0.036	0.311	0.035	0.303	Spectrum Read#3
C	0.315	0.036	0.318	0.036	0.315	0.038	0.310	0.036	0.303	0.036	0.304	0.036	Spectrum Read#3
D	0.036	0.309	0.036	0.316	0.036	0.312	0.036	0.336	0.036	0.309	0.036	0.307	Spectrum Read#3
E	0.309	0.037	0.308	0.036	0.312	0.036	0.315	0.037	0.314	0.036	0.319	0.036	Spectrum Read#3
F	0.039	0.308	0.036	0.309	0.037	0.317	0.118	0.307	0.052	0.318	0.036	0.314	Spectrum Read#3
G	0.305	0.037	0.310	0.036	0.312	0.038	0.302	0.036	0.307	0.038	0.302	0.036	Spectrum Read#3
H	0.051	0.301	0.036	0.304	0.036	0.303	0.036	0.305	0.036	0.305	0.037	0.307	Spectrum Read#3

Spectrum
Wavelength 4 (575 nm)
	1	2	3	4	5	6	7	8	9	10	11	12
A	0.287	0.037	0.287	0.036	0.285	0.037	0.282	0.036	0.286	0.036	0.284	0.035	Spectrum Read#4
B	0.035	0.289	0.036	0.289	0.036	0.291	0.037	0.285	0.036	0.286	0.035	0.279	Spectrum Read#4
C	0.290	0.036	0.286	0.035	0.285	0.037	0.282	0.035	0.281	0.036	0.280	0.035	Spectrum Read#4
D	0.035	0.282	0.035	0.288	0.036	0.287	0.036	0.305	0.036	0.285	0.035	0.281	Spectrum Read#4
E	0.284	0.037	0.284	0.036	0.285	0.035	0.286	0.037	0.286	0.036	0.283	0.036	Spectrum Read#4
F	0.038	0.282	0.036	0.283	0.037	0.287	0.114	0.280	0.051	0.285	0.036	0.282	Spectrum Read#4
G	0.278	0.036	0.281	0.036	0.282	0.038	0.278	0.036	0.279	0.037	0.275	0.036	Spectrum Read#4
H	0.051	0.279	0.036	0.278	0.036	0.278	0.036	0.278	0.035	0.277	0.037	0.279	Spectrum Read#4

Spectrum
Wavelength 5 (590 nm)
	1	2	3	4	5	6	7	8	9	10	11	12
A	0.265	0.037	0.265	0.036	0.271	0.037	0.264	0.036	0.259	0.036	0.256	0.035	Spectrum Read#5
B	0.036	0.268	0.035	0.276	0.036	0.285	0.037	0.257	0.035	0.274	0.036	0.270	Spectrum Read#5
C	0.281	0.036	0.260	0.035	0.265	0.037	0.266	0.036	0.275	0.036	0.271	0.035	Spectrum Read#5
D	0.036	0.268	0.035	0.273	0.036	0.278	0.035	0.283	0.036	0.277	0.035	0.268	Spectrum Read#5
E	0.272	0.037	0.274	0.035	0.269	0.036	0.267	0.037	0.268	0.036	0.249	0.035	Spectrum Read#5
F	0.038	0.271	0.036	0.269	0.037	0.265	0.110	0.263	0.051	0.256	0.036	0.256	Spectrum Read#5
G	0.264	0.036	0.261	0.036	0.262	0.038	0.268	0.036	0.261	0.038	0.259	0.036	Spectrum Read#5
H	0.051	0.274	0.036	0.263	0.036	0.267	0.036	0.262	0.035	0.261	0.037	0.260	Spectrum Read#5

Spectrum
Wavelength 6 (605 nm)
	1	2	3	4	5	6	7	8	9	10	11	12
A	0.256	0.036	0.256	0.035	0.269	0.037	0.257	0.035	0.244	0.036	0.240	0.035	Spectrum Read#6
B	0.035	0.260	0.035	0.274	0.035	0.290	0.037	0.243	0.035	0.273	0.035	0.272	Spectrum Read#6
C	0.282	0.035	0.247	0.035	0.257	0.037	0.260	0.035	0.280	0.035	0.273	0.035	Spectrum Read#6
D	0.035	0.265	0.035	0.269	0.036	0.279	0.035	0.274	0.035	0.279	0.035	0.265	Spectrum Read#6
E	0.272	0.037	0.275	0.035	0.264	0.035	0.260	0.036	0.262	0.035	0.229	0.035	Spectrum Read#6
F	0.038	0.270	0.035	0.267	0.037	0.256	0.106	0.258	0.050	0.240	0.035	0.243	Spectrum Read#6
G	0.261	0.036	0.254	0.036	0.254	0.037	0.268	0.035	0.254	0.037	0.255	0.035	Spectrum Read#6
H	0.050	0.279	0.035	0.260	0.036	0.267	0.035	0.258	0.035	0.256	0.036	0.253	Spectrum Read#6

Spectrum
Wavelength 7 (620 nm)
	1	2	3	4	5	6	7	8	9	10	11	12
A	0.216	0.036	0.216	0.035	0.227	0.036	0.217	0.035	0.205	0.035	0.202	0.035	Spectrum Read#7
B	0.035	0.220	0.035	0.233	0.035	0.246	0.037	0.204	0.035	0.231	0.035	0.230	Spectrum Read#7
C	0.239	0.035	0.208	0.035	0.217	0.037	0.221	0.035	0.238	0.035	0.232	0.035	Spectrum Read#7
D	0.035	0.223	0.035	0.228	0.035	0.236	0.035	0.234	0.035	0.236	0.035	0.224	Spectrum Read#7
E	0.230	0.037	0.233	0.035	0.223	0.035	0.219	0.036	0.222	0.035	0.192	0.035	Spectrum Read#7
F	0.037	0.228	0.035	0.225	0.037	0.216	0.103	0.218	0.050	0.202	0.035	0.204	Spectrum Read#7
G	0.220	0.036	0.213	0.035	0.214	0.037	0.226	0.035	0.214	0.037	0.215	0.035	Spectrum Read#7
H	0.050	0.236	0.035	0.219	0.035	0.226	0.035	0.218	0.035	0.216	0.036	0.212	Spectrum Read#7

Spectrum
Wavelength 8 (635 nm)
	1	2	3	4	5	6	7	8	9	10	11	12
A	0.220	0.036	0.220	0.035	0.234	0.036	0.222	0.035	0.208	0.035	0.204	0.035	Spectrum Read#8
B	0.035	0.224	0.035	0.239	0.035	0.254	0.036	0.207	0.035	0.238	0.035	0.237	Spectrum Read#8
C	0.247	0.035	0.211	0.035	0.222	0.036	0.226	0.035	0.246	0.035	0.239	0.035	Spectrum Read#8
D	0.035	0.230	0.035	0.234	0.035	0.244	0.035	0.237	0.035	0.244	0.035	0.231	Spectrum Read#8
E	0.237	0.036	0.241	0.035	0.229	0.035	0.224	0.036	0.226	0.035	0.193	0.035	Spectrum Read#8
F	0.037	0.236	0.035	0.233	0.036	0.221	0.099	0.224	0.049	0.205	0.035	0.207	Spectrum Read#8
G	0.227	0.035	0.219	0.035	0.220	0.037	0.234	0.035	0.220	0.037	0.221	0.035	Spectrum Read#8
H	0.050	0.246	0.035	0.226	0.035	0.234	0.035	0.223	0.035	0.222	0.036	0.218	Spectrum Read#8

Spectrum
Wavelength 9 (650 nm)
	1	2	3	4	5	6	7	8	9	10	11	12
A	0.283	0.035	0.284	0.034	0.305	0.036	0.289	0.034	0.266	0.035	0.262	0.034	Spectrum Read#9
B	0.034	0.290	0.034	0.313	0.034	0.336	0.036	0.264	0.034	0.313	0.034	0.313	Spectrum Read#9
C	0.324	0.035	0.271	0.034	0.288	0.036	0.294	0.034	0.326	0.034	0.314	0.034	Spectrum Read#9
D	0.034	0.302	0.034	0.306	0.035	0.322	0.034	0.302	0.034	0.322	0.034	0.302	Spectrum Read#9
E	0.313	0.036	0.317	0.034	0.300	0.035	0.291	0.035	0.294	0.035	0.243	0.034	Spectrum Read#9
F	0.037	0.312	0.034	0.305	0.036	0.287	0.096	0.294	0.048	0.262	0.035	0.267	Spectrum Read#9
G	0.299	0.035	0.287	0.035	0.287	0.036	0.309	0.034	0.287	0.036	0.290	0.034	Spectrum Read#9
H	0.050	0.327	0.035	0.298	0.035	0.309	0.035	0.291	0.034	0.291	0.036	0.285	Spectrum Read#9

Spectrum
Wavelength 10 (665 nm)
	1	2	3	4	5	6	7	8	9	10	11	12
A	0.222	0.035	0.223	0.034	0.238	0.035	0.226	0.034	0.210	0.035	0.207	0.034	Spectrum Read#10
B	0.034	0.227	0.034	0.243	0.034	0.261	0.036	0.209	0.034	0.243	0.034	0.243	Spectrum Read#10
C	0.252	0.034	0.213	0.034	0.226	0.036	0.230	0.034	0.253	0.034	0.244	0.034	Spectrum Read#10
D	0.034	0.236	0.034	0.239	0.034	0.250	0.034	0.241	0.034	0.250	0.034	0.236	Spectrum Read#10
E	0.243	0.036	0.246	0.034	0.234	0.034	0.228	0.035	0.230	0.034	0.193	0.034	Spectrum Read#10
F	0.037	0.242	0.034	0.238	0.036	0.225	0.093	0.230	0.048	0.207	0.034	0.210	Spectrum Read#10
G	0.233	0.035	0.225	0.035	0.225	0.036	0.241	0.034	0.225	0.036	0.227	0.034	Spectrum Read#10
H	0.050	0.254	0.035	0.233	0.035	0.240	0.034	0.228	0.034	0.228	0.036	0.224	Spectrum Read#10

Spectrum
Wavelength 11 (680 nm)
	1	2	3	4	5	6	7	8	9	10	11	12
A	0.107	0.035	0.106	0.034	0.111	0.036	0.108	0.034	0.102	0.035	0.101	0.034	Spectrum Read#11
B	0.034	0.108	0.034	0.114	0.034	0.119	0.035	0.103	0.034	0.113	0.034	0.113	Spectrum Read#11
C	0.117	0.034	0.104	0.034	0.108	0.036	0.111	0.034	0.117	0.034	0.114	0.034	Spectrum Read#11
D	0.034	0.111	0.034	0.112	0.034	0.116	0.034	0.123	0.034	0.116	0.034	0.111	Spectrum Read#11
E	0.113	0.036	0.115	0.034	0.111	0.034	0.108	0.035	0.110	0.034	0.097	0.034	Spectrum Read#11
F	0.037	0.113	0.034	0.112	0.035	0.107	0.090	0.108	0.047	0.102	0.034	0.102	Spectrum Read#11
G	0.110	0.035	0.107	0.035	0.107	0.036	0.112	0.034	0.107	0.036	0.108	0.034	Spectrum Read#11
H	0.050	0.117	0.035	0.109	0.035	0.112	0.035	0.108	0.034	0.108	0.035	0.107	Spectrum Read#11

