Spectrum
Wavelength 1 (410 nm)
	1	2	3	4	5	6	7	8	9	10	11	12
A	0.242	0.045	0.243	0.042	0.250	0.051	0.253	0.047	0.241	0.042	0.240	0.041	Spectrum Read#1
B	0.047	0.248	0.050	0.240	0.041	0.248	0.042	0.240	0.041	0.248	0.048	0.239	Spectrum Read#1
C	0.240	0.056	0.247	0.052	0.246	0.042	0.249	0.043	0.237	0.052	0.243	0.043	Spectrum Read#1
D	0.053	0.231	0.050	0.248	0.041	0.251	0.042	0.259	0.050	0.251	0.044	0.330	Spectrum Read#1
E	0.241	0.045	0.254	0.045	0.245	0.042	0.247	0.054	0.250	0.044	0.239	0.042	Spectrum Read#1
F	0.043	0.243	0.042	0.243	0.042	0.244	0.045	0.247	0.042	0.236	0.042	0.237	Spectrum Read#1
G	0.238	0.044	0.237	0.042	0.239	0.043	0.239	0.047	0.248	0.045	0.241	0.048	Spectrum Read#1
H	0.043	0.243	0.042	0.240	0.043	0.235	0.050	0.238	0.047	0.245	0.045	0.233	Spectrum Read#1

Spectrum
Wavelength 2 (440 nm)
	1	2	3	4	5	6	7	8	9	10	11	12
A	0.227	0.042	0.228	0.039	0.234	0.048	0.238	0.044	0.226	0.039	0.225	0.038	Spectrum Read#2
B	0.044	0.232	0.047	0.226	0.038	0.232	0.039	0.225	0.038	0.233	0.045	0.225	Spectrum Read#2
C	0.225	0.052	0.231	0.048	0.231	0.039	0.233	0.039	0.223	0.049	0.228	0.039	Spectrum Read#2
D	0.050	0.227	0.047	0.233	0.038	0.235	0.038	0.243	0.047	0.236	0.041	0.315	Spectrum Read#2
E	0.227	0.041	0.237	0.042	0.229	0.038	0.231	0.051	0.234	0.041	0.224	0.038	Spectrum Read#2
F	0.040	0.227	0.039	0.227	0.039	0.228	0.042	0.231	0.039	0.221	0.039	0.223	Spectrum Read#2
G	0.223	0.042	0.222	0.039	0.225	0.040	0.224	0.044	0.232	0.042	0.226	0.045	Spectrum Read#2
H	0.040	0.228	0.039	0.225	0.041	0.221	0.047	0.222	0.044	0.229	0.042	0.219	Spectrum Read#2

Spectrum
Wavelength 3 (470 nm)
	1	2	3	4	5	6	7	8	9	10	11	12
A	0.228	0.040	0.227	0.037	0.233	0.046	0.239	0.042	0.230	0.038	0.226	0.037	Spectrum Read#3
B	0.042	0.230	0.046	0.234	0.037	0.229	0.037	0.225	0.037	0.233	0.043	0.229	Spectrum Read#3
C	0.227	0.050	0.230	0.046	0.232	0.037	0.232	0.037	0.226	0.048	0.225	0.038	Spectrum Read#3
D	0.048	0.263	0.045	0.236	0.037	0.234	0.037	0.246	0.045	0.237	0.040	0.314	Spectrum Read#3
E	0.230	0.040	0.228	0.040	0.229	0.037	0.228	0.049	0.229	0.040	0.227	0.037	Spectrum Read#3
F	0.038	0.227	0.037	0.227	0.037	0.227	0.041	0.231	0.037	0.223	0.037	0.226	Spectrum Read#3
G	0.226	0.041	0.227	0.037	0.228	0.038	0.227	0.042	0.231	0.041	0.227	0.043	Spectrum Read#3
H	0.039	0.228	0.037	0.228	0.040	0.225	0.045	0.222	0.042	0.226	0.040	0.221	Spectrum Read#3

Spectrum
Wavelength 4 (500 nm)
	1	2	3	4	5	6	7	8	9	10	11	12
A	0.266	0.039	0.263	0.036	0.269	0.045	0.279	0.042	0.271	0.037	0.262	0.036	Spectrum Read#4
B	0.041	0.263	0.045	0.283	0.036	0.261	0.037	0.260	0.036	0.270	0.042	0.272	Spectrum Read#4
C	0.265	0.049	0.265	0.045	0.269	0.037	0.267	0.037	0.267	0.047	0.257	0.037	Spectrum Read#4
D	0.047	0.344	0.044	0.277	0.036	0.269	0.036	0.289	0.044	0.275	0.039	0.349	Spectrum Read#4
E	0.270	0.039	0.252	0.039	0.265	0.036	0.262	0.047	0.258	0.039	0.266	0.036	Spectrum Read#4
F	0.037	0.262	0.037	0.264	0.036	0.262	0.039	0.267	0.036	0.262	0.036	0.266	Spectrum Read#4
G	0.267	0.039	0.270	0.036	0.268	0.037	0.264	0.041	0.267	0.040	0.263	0.042	Spectrum Read#4
H	0.039	0.264	0.036	0.269	0.039	0.267	0.044	0.256	0.041	0.258	0.039	0.260	Spectrum Read#4

Spectrum
Wavelength 5 (530 nm)
	1	2	3	4	5	6	7	8	9	10	11	12
A	0.308	0.039	0.303	0.036	0.310	0.044	0.321	0.041	0.315	0.037	0.303	0.036	Spectrum Read#5
B	0.041	0.302	0.045	0.331	0.036	0.300	0.036	0.300	0.036	0.311	0.042	0.316	Spectrum Read#5
C	0.307	0.048	0.305	0.045	0.309	0.036	0.306	0.036	0.309	0.046	0.294	0.037	Spectrum Read#5
D	0.047	0.407	0.044	0.320	0.036	0.309	0.036	0.334	0.043	0.317	0.038	0.387	Spectrum Read#5
E	0.313	0.039	0.285	0.039	0.306	0.036	0.302	0.046	0.293	0.038	0.308	0.036	Spectrum Read#5
F	0.037	0.301	0.036	0.305	0.036	0.301	0.039	0.307	0.036	0.304	0.036	0.307	Spectrum Read#5
G	0.309	0.039	0.314	0.036	0.311	0.037	0.306	0.041	0.308	0.039	0.304	0.042	Spectrum Read#5
H	0.038	0.304	0.036	0.312	0.039	0.311	0.044	0.296	0.041	0.295	0.039	0.301	Spectrum Read#5

Spectrum
Wavelength 6 (560 nm)
	1	2	3	4	5	6	7	8	9	10	11	12
A	0.306	0.039	0.304	0.036	0.311	0.044	0.319	0.041	0.310	0.037	0.302	0.036	Spectrum Read#6
B	0.040	0.304	0.045	0.320	0.036	0.303	0.036	0.300	0.036	0.311	0.041	0.310	Spectrum Read#6
C	0.305	0.048	0.306	0.044	0.307	0.036	0.307	0.036	0.305	0.046	0.298	0.037	Spectrum Read#6
D	0.046	0.353	0.044	0.315	0.035	0.308	0.036	0.328	0.043	0.315	0.038	0.389	Spectrum Read#6
E	0.309	0.038	0.298	0.038	0.306	0.036	0.306	0.045	0.299	0.038	0.305	0.036	Spectrum Read#6
F	0.036	0.302	0.036	0.305	0.036	0.303	0.039	0.307	0.036	0.301	0.036	0.303	Spectrum Read#6
G	0.305	0.038	0.309	0.036	0.307	0.036	0.303	0.041	0.309	0.039	0.304	0.041	Spectrum Read#6
H	0.038	0.303	0.036	0.308	0.039	0.306	0.044	0.297	0.041	0.299	0.039	0.298	Spectrum Read#6

Spectrum
Wavelength 7 (590 nm)
	1	2	3	4	5	6	7	8	9	10	11	12
A	0.269	0.038	0.276	0.036	0.283	0.043	0.281	0.041	0.264	0.036	0.268	0.035	Spectrum Read#7
B	0.040	0.280	0.044	0.255	0.036	0.284	0.036	0.271	0.035	0.279	0.041	0.260	Spectrum Read#7
C	0.269	0.048	0.278	0.044	0.270	0.036	0.278	0.036	0.261	0.046	0.279	0.036	Spectrum Read#7
D	0.046	0.177	0.043	0.271	0.035	0.279	0.035	0.280	0.043	0.280	0.038	0.359	Spectrum Read#7
E	0.266	0.038	0.304	0.038	0.273	0.035	0.284	0.044	0.287	0.037	0.265	0.035	Spectrum Read#7
F	0.036	0.273	0.036	0.273	0.035	0.277	0.038	0.276	0.036	0.262	0.036	0.261	Spectrum Read#7
G	0.263	0.038	0.261	0.036	0.263	0.036	0.266	0.040	0.279	0.038	0.274	0.041	Spectrum Read#7
H	0.038	0.272	0.035	0.264	0.038	0.259	0.043	0.271	0.040	0.280	0.038	0.258	Spectrum Read#7

Spectrum
Wavelength 8 (620 nm)
	1	2	3	4	5	6	7	8	9	10	11	12
A	0.227	0.038	0.237	0.036	0.245	0.043	0.238	0.041	0.218	0.036	0.228	0.035	Spectrum Read#8
B	0.040	0.245	0.044	0.201	0.035	0.250	0.036	0.233	0.035	0.240	0.041	0.213	Spectrum Read#8
C	0.227	0.047	0.240	0.043	0.229	0.036	0.240	0.036	0.217	0.045	0.246	0.036	Spectrum Read#8
D	0.045	0.070	0.043	0.225	0.035	0.240	0.035	0.232	0.042	0.238	0.037	0.321	Spectrum Read#8
E	0.221	0.038	0.280	0.037	0.233	0.035	0.248	0.043	0.256	0.038	0.222	0.035	Spectrum Read#8
F	0.036	0.235	0.036	0.233	0.035	0.240	0.038	0.236	0.035	0.219	0.036	0.217	Spectrum Read#8
G	0.219	0.038	0.213	0.035	0.218	0.036	0.225	0.040	0.240	0.038	0.236	0.041	Spectrum Read#8
H	0.038	0.233	0.035	0.219	0.038	0.212	0.043	0.234	0.040	0.248	0.038	0.216	Spectrum Read#8

Spectrum
Wavelength 9 (650 nm)
	1	2	3	4	5	6	7	8	9	10	11	12
A	0.309	0.037	0.326	0.035	0.337	0.042	0.321	0.040	0.290	0.035	0.311	0.035	Spectrum Read#9
B	0.039	0.338	0.043	0.259	0.035	0.347	0.035	0.320	0.035	0.327	0.040	0.281	Spectrum Read#9
C	0.308	0.046	0.329	0.043	0.308	0.035	0.327	0.035	0.290	0.044	0.340	0.035	Spectrum Read#9
D	0.044	0.050	0.042	0.300	0.034	0.326	0.035	0.308	0.041	0.321	0.037	0.403	Spectrum Read#9
E	0.297	0.037	0.401	0.037	0.317	0.035	0.346	0.042	0.357	0.037	0.299	0.035	Spectrum Read#9
F	0.035	0.322	0.035	0.319	0.034	0.330	0.037	0.321	0.035	0.296	0.035	0.290	Spectrum Read#9
G	0.293	0.037	0.285	0.035	0.292	0.035	0.304	0.039	0.329	0.037	0.321	0.040	Spectrum Read#9
H	0.037	0.319	0.035	0.294	0.037	0.283	0.042	0.323	0.039	0.341	0.037	0.290	Spectrum Read#9

Spectrum
Wavelength 10 (680 nm)
	1	2	3	4	5	6	7	8	9	10	11	12
A	0.112	0.037	0.115	0.034	0.119	0.041	0.117	0.039	0.109	0.035	0.112	0.034	Spectrum Read#10
B	0.038	0.120	0.043	0.101	0.034	0.122	0.034	0.114	0.034	0.117	0.039	0.106	Spectrum Read#10
C	0.111	0.045	0.118	0.042	0.116	0.034	0.120	0.035	0.107	0.044	0.120	0.035	Spectrum Read#10
D	0.043	0.042	0.042	0.112	0.034	0.119	0.034	0.118	0.041	0.120	0.036	0.206	Spectrum Read#10
E	0.110	0.036	0.134	0.036	0.116	0.034	0.120	0.041	0.126	0.036	0.111	0.034	Spectrum Read#10
F	0.034	0.115	0.034	0.114	0.034	0.118	0.036	0.118	0.034	0.109	0.034	0.108	Spectrum Read#10
G	0.108	0.036	0.106	0.034	0.107	0.035	0.111	0.039	0.119	0.037	0.117	0.039	Spectrum Read#10
H	0.037	0.114	0.034	0.110	0.037	0.105	0.041	0.116	0.038	0.122	0.037	0.109	Spectrum Read#10

