Spectrum
Wavelength 1 (410 nm)
	1	2	3	4	5	6	7	8	9	10	11	12
A	0.228	0.038	0.232	0.037	0.230	0.038	0.225	0.037	0.228	0.037	0.223	0.038	Spectrum Read#1
B	0.038	0.229	0.037	0.227	0.038	0.225	0.038	0.231	0.037	0.223	0.037	0.227	Spectrum Read#1
C	0.230	0.038	0.228	0.037	0.228	0.038	0.222	0.039	0.221	0.038	0.225	0.037	Spectrum Read#1
D	0.037	0.229	0.037	0.225	0.038	0.231	0.038	0.231	0.038	0.229	0.037	0.224	Spectrum Read#1
E	0.224	0.037	0.231	0.038	0.227	0.037	0.224	0.038	0.223	0.038	0.231	0.037	Spectrum Read#1
F	0.038	0.229	0.038	0.227	0.038	0.227	0.037	0.232	0.038	0.232	0.037	0.212	Spectrum Read#1
G	0.227	0.038	0.226	0.038	0.233	0.038	0.225	0.037	0.249	0.037	0.230	0.038	Spectrum Read#1
H	0.038	0.216	0.038	0.228	0.037	0.228	0.038	0.227	0.037	0.226	0.038	0.218	Spectrum Read#1

Spectrum
Wavelength 2 (440 nm)
	1	2	3	4	5	6	7	8	9	10	11	12
A	0.212	0.036	0.217	0.036	0.214	0.037	0.211	0.036	0.213	0.035	0.209	0.037	Spectrum Read#2
B	0.036	0.213	0.035	0.212	0.036	0.211	0.036	0.217	0.036	0.209	0.036	0.212	Spectrum Read#2
C	0.214	0.036	0.212	0.036	0.214	0.036	0.208	0.038	0.207	0.036	0.211	0.036	Spectrum Read#2
D	0.036	0.214	0.036	0.210	0.036	0.216	0.036	0.216	0.036	0.214	0.036	0.210	Spectrum Read#2
E	0.209	0.036	0.215	0.037	0.212	0.036	0.209	0.037	0.208	0.037	0.215	0.036	Spectrum Read#2
F	0.036	0.214	0.036	0.212	0.036	0.212	0.035	0.217	0.036	0.217	0.036	0.208	Spectrum Read#2
G	0.213	0.038	0.212	0.036	0.218	0.036	0.211	0.036	0.234	0.036	0.216	0.036	Spectrum Read#2
H	0.036	0.204	0.036	0.214	0.035	0.213	0.036	0.213	0.036	0.211	0.036	0.204	Spectrum Read#2

Spectrum
Wavelength 3 (470 nm)
	1	2	3	4	5	6	7	8	9	10	11	12
A	0.208	0.035	0.212	0.035	0.211	0.036	0.210	0.036	0.212	0.035	0.207	0.036	Spectrum Read#3
B	0.035	0.208	0.035	0.209	0.035	0.211	0.035	0.217	0.035	0.204	0.036	0.208	Spectrum Read#3
C	0.210	0.035	0.206	0.035	0.211	0.035	0.209	0.037	0.206	0.035	0.208	0.035	Spectrum Read#3
D	0.035	0.211	0.035	0.205	0.035	0.213	0.035	0.214	0.035	0.211	0.035	0.208	Spectrum Read#3
E	0.207	0.036	0.209	0.037	0.212	0.036	0.204	0.036	0.209	0.036	0.210	0.035	Spectrum Read#3
F	0.035	0.210	0.035	0.211	0.035	0.210	0.035	0.214	0.035	0.213	0.035	0.244	Spectrum Read#3
G	0.209	0.036	0.209	0.035	0.213	0.035	0.207	0.035	0.232	0.036	0.215	0.035	Spectrum Read#3
H	0.036	0.216	0.035	0.214	0.034	0.211	0.035	0.208	0.035	0.207	0.035	0.203	Spectrum Read#3

Spectrum
Wavelength 4 (500 nm)
	1	2	3	4	5	6	7	8	9	10	11	12
A	0.234	0.035	0.238	0.035	0.238	0.035	0.239	0.035	0.243	0.034	0.234	0.036	Spectrum Read#4
B	0.035	0.233	0.034	0.236	0.035	0.244	0.035	0.249	0.035	0.229	0.035	0.234	Spectrum Read#4
C	0.235	0.035	0.228	0.035	0.239	0.034	0.243	0.036	0.235	0.035	0.235	0.035	Spectrum Read#4
D	0.035	0.238	0.035	0.230	0.035	0.241	0.035	0.245	0.035	0.237	0.035	0.238	Spectrum Read#4
E	0.236	0.036	0.232	0.036	0.243	0.035	0.228	0.036	0.242	0.036	0.235	0.035	Spectrum Read#4
F	0.035	0.237	0.035	0.240	0.035	0.238	0.034	0.241	0.035	0.240	0.034	0.322	Spectrum Read#4
G	0.234	0.035	0.235	0.035	0.238	0.035	0.231	0.035	0.260	0.036	0.243	0.035	Spectrum Read#4
H	0.036	0.264	0.036	0.246	0.034	0.240	0.035	0.233	0.035	0.234	0.036	0.231	Spectrum Read#4

Spectrum
Wavelength 5 (530 nm)
	1	2	3	4	5	6	7	8	9	10	11	12
A	0.270	0.034	0.273	0.034	0.275	0.035	0.277	0.035	0.282	0.034	0.271	0.036	Spectrum Read#5
B	0.034	0.267	0.034	0.272	0.034	0.284	0.034	0.289	0.035	0.262	0.035	0.269	Spectrum Read#5
C	0.270	0.034	0.261	0.034	0.276	0.034	0.283	0.036	0.272	0.034	0.270	0.034	Spectrum Read#5
D	0.035	0.275	0.034	0.265	0.035	0.278	0.035	0.284	0.035	0.272	0.035	0.276	Spectrum Read#5
E	0.274	0.035	0.267	0.035	0.282	0.035	0.261	0.036	0.282	0.035	0.271	0.035	Spectrum Read#5
F	0.035	0.273	0.034	0.278	0.035	0.276	0.034	0.278	0.035	0.276	0.034	0.389	Spectrum Read#5
G	0.269	0.034	0.270	0.035	0.273	0.035	0.264	0.035	0.299	0.035	0.280	0.034	Spectrum Read#5
H	0.035	0.314	0.036	0.287	0.034	0.278	0.035	0.267	0.034	0.270	0.036	0.267	Spectrum Read#5

Spectrum
Wavelength 6 (560 nm)
	1	2	3	4	5	6	7	8	9	10	11	12
A	0.279	0.034	0.283	0.034	0.283	0.035	0.282	0.035	0.287	0.034	0.277	0.036	Spectrum Read#6
B	0.034	0.279	0.034	0.280	0.034	0.288	0.034	0.292	0.034	0.272	0.035	0.278	Spectrum Read#6
C	0.281	0.034	0.274	0.034	0.283	0.034	0.285	0.036	0.278	0.034	0.278	0.035	Spectrum Read#6
D	0.035	0.283	0.034	0.275	0.034	0.286	0.035	0.289	0.035	0.281	0.035	0.281	Spectrum Read#6
E	0.281	0.035	0.279	0.035	0.287	0.034	0.271	0.035	0.285	0.035	0.281	0.034	Spectrum Read#6
F	0.035	0.283	0.034	0.285	0.035	0.283	0.034	0.286	0.035	0.284	0.035	0.338	Spectrum Read#6
G	0.279	0.035	0.279	0.035	0.283	0.035	0.274	0.035	0.304	0.035	0.284	0.034	Spectrum Read#6
H	0.035	0.303	0.035	0.291	0.034	0.285	0.035	0.278	0.034	0.278	0.037	0.273	Spectrum Read#6

Spectrum
Wavelength 7 (590 nm)
	1	2	3	4	5	6	7	8	9	10	11	12
A	0.272	0.034	0.277	0.034	0.273	0.034	0.263	0.035	0.266	0.033	0.263	0.036	Spectrum Read#7
B	0.034	0.275	0.034	0.269	0.034	0.261	0.034	0.267	0.034	0.267	0.034	0.271	Spectrum Read#7
C	0.276	0.034	0.276	0.034	0.269	0.034	0.256	0.036	0.259	0.034	0.266	0.035	Spectrum Read#7
D	0.035	0.272	0.034	0.270	0.034	0.272	0.035	0.269	0.034	0.271	0.035	0.261	Spectrum Read#7
E	0.263	0.035	0.281	0.035	0.265	0.034	0.267	0.035	0.258	0.034	0.276	0.034	Spectrum Read#7
F	0.035	0.276	0.035	0.268	0.035	0.269	0.034	0.274	0.035	0.274	0.035	0.170	Spectrum Read#7
G	0.272	0.035	0.270	0.034	0.277	0.035	0.269	0.034	0.291	0.035	0.270	0.034	Spectrum Read#7
H	0.035	0.232	0.035	0.268	0.033	0.270	0.035	0.275	0.034	0.270	0.036	0.257	Spectrum Read#7

Spectrum
Wavelength 8 (620 nm)
	1	2	3	4	5	6	7	8	9	10	11	12
A	0.245	0.034	0.251	0.034	0.244	0.034	0.231	0.035	0.233	0.034	0.234	0.036	Spectrum Read#8
B	0.034	0.250	0.034	0.240	0.034	0.225	0.034	0.233	0.034	0.242	0.034	0.245	Spectrum Read#8
C	0.250	0.034	0.254	0.034	0.239	0.033	0.219	0.036	0.228	0.034	0.238	0.035	Spectrum Read#8
D	0.035	0.243	0.034	0.245	0.034	0.241	0.035	0.235	0.034	0.243	0.035	0.229	Spectrum Read#8
E	0.232	0.034	0.258	0.035	0.231	0.034	0.242	0.035	0.222	0.034	0.250	0.034	Spectrum Read#8
F	0.035	0.248	0.035	0.236	0.035	0.239	0.035	0.244	0.034	0.245	0.035	0.066	Spectrum Read#8
G	0.245	0.035	0.243	0.034	0.251	0.035	0.244	0.034	0.261	0.034	0.241	0.035	Spectrum Read#8
H	0.035	0.175	0.034	0.233	0.033	0.239	0.035	0.250	0.034	0.243	0.035	0.227	Spectrum Read#8

Spectrum
Wavelength 9 (650 nm)
	1	2	3	4	5	6	7	8	9	10	11	12
A	0.352	0.033	0.361	0.033	0.349	0.034	0.327	0.034	0.329	0.033	0.333	0.035	Spectrum Read#9
B	0.033	0.363	0.033	0.344	0.033	0.316	0.033	0.325	0.033	0.348	0.034	0.351	Spectrum Read#9
C	0.360	0.033	0.369	0.033	0.341	0.033	0.305	0.035	0.323	0.033	0.339	0.034	Spectrum Read#9
D	0.034	0.349	0.033	0.354	0.033	0.345	0.034	0.332	0.033	0.348	0.034	0.323	Spectrum Read#9
E	0.330	0.033	0.375	0.034	0.328	0.033	0.348	0.033	0.313	0.033	0.361	0.033	Spectrum Read#9
F	0.034	0.357	0.034	0.337	0.034	0.341	0.034	0.348	0.033	0.350	0.034	0.046	Spectrum Read#9
G	0.353	0.035	0.349	0.034	0.360	0.034	0.352	0.033	0.364	0.034	0.340	0.034	Spectrum Read#9
H	0.034	0.226	0.033	0.329	0.032	0.341	0.034	0.361	0.033	0.348	0.034	0.322	Spectrum Read#9

Spectrum
Wavelength 10 (680 nm)
	1	2	3	4	5	6	7	8	9	10	11	12
A	0.116	0.033	0.119	0.033	0.116	0.033	0.111	0.034	0.112	0.032	0.113	0.034	Spectrum Read#10
B	0.033	0.118	0.033	0.116	0.033	0.109	0.033	0.116	0.033	0.115	0.034	0.117	Spectrum Read#10
C	0.118	0.033	0.120	0.033	0.116	0.033	0.107	0.035	0.111	0.033	0.115	0.034	Spectrum Read#10
D	0.033	0.116	0.033	0.117	0.033	0.116	0.033	0.114	0.033	0.116	0.034	0.110	Spectrum Read#10
E	0.112	0.033	0.122	0.034	0.112	0.032	0.116	0.033	0.109	0.033	0.119	0.033	Spectrum Read#10
F	0.034	0.118	0.034	0.114	0.033	0.115	0.034	0.117	0.033	0.117	0.034	0.040	Spectrum Read#10
G	0.118	0.035	0.116	0.033	0.121	0.033	0.118	0.033	0.135	0.033	0.118	0.033	Spectrum Read#10
H	0.033	0.090	0.033	0.113	0.032	0.115	0.033	0.120	0.033	0.116	0.033	0.111	Spectrum Read#10

