Spectrum
Wavelength 1 (410 nm)
	1	2	3	4	5	6	7	8	9	10	11	12
A	0.204	0.040	0.200	0.042	0.203	0.040	0.198	0.040	0.203	0.040	0.197	0.040	Spectrum Read#1
B	0.040	0.206	0.041	0.202	0.039	0.200	0.040	0.199	0.040	0.198	0.039	0.201	Spectrum Read#1
C	0.201	0.041	0.199	0.040	0.197	0.040	0.200	0.040	0.202	0.040	0.200	0.040	Spectrum Read#1
D	0.040	0.199	0.040	0.201	0.041	0.194	0.040	0.200	0.039	0.200	0.040	0.203	Spectrum Read#1
E	0.200	0.041	0.198	0.041	0.198	0.040	0.197	0.040	0.200	0.040	0.198	0.041	Spectrum Read#1
F	0.040	0.197	0.040	0.199	0.040	0.198	0.040	0.199	0.041	0.200	0.040	0.197	Spectrum Read#1
G	0.197	0.040	0.198	0.040	0.199	0.040	0.198	0.040	0.195	0.040	0.198	0.039	Spectrum Read#1
H	0.039	0.197	0.042	0.199	0.040	0.196	0.041	0.197	0.040	0.201	0.040	0.199	Spectrum Read#1

Spectrum
Wavelength 2 (440 nm)
	1	2	3	4	5	6	7	8	9	10	11	12
A	0.191	0.037	0.188	0.040	0.190	0.037	0.186	0.037	0.191	0.038	0.183	0.038	Spectrum Read#2
B	0.038	0.193	0.040	0.189	0.037	0.187	0.037	0.187	0.038	0.186	0.037	0.187	Spectrum Read#2
C	0.189	0.039	0.187	0.038	0.185	0.037	0.187	0.038	0.189	0.038	0.186	0.038	Spectrum Read#2
D	0.038	0.187	0.039	0.187	0.038	0.181	0.037	0.186	0.038	0.189	0.038	0.190	Spectrum Read#2
E	0.187	0.038	0.186	0.037	0.186	0.038	0.184	0.038	0.186	0.038	0.183	0.038	Spectrum Read#2
F	0.038	0.183	0.039	0.185	0.038	0.185	0.038	0.187	0.038	0.187	0.037	0.185	Spectrum Read#2
G	0.184	0.037	0.184	0.038	0.188	0.038	0.186	0.039	0.182	0.037	0.185	0.037	Spectrum Read#2
H	0.038	0.184	0.040	0.187	0.037	0.182	0.038	0.185	0.038	0.188	0.037	0.186	Spectrum Read#2

Spectrum
Wavelength 3 (470 nm)
	1	2	3	4	5	6	7	8	9	10	11	12
A	0.190	0.037	0.190	0.039	0.188	0.036	0.187	0.036	0.191	0.038	0.181	0.038	Spectrum Read#3
B	0.037	0.193	0.039	0.187	0.036	0.186	0.036	0.187	0.037	0.186	0.037	0.183	Spectrum Read#3
C	0.187	0.037	0.184	0.036	0.182	0.036	0.187	0.036	0.184	0.036	0.181	0.038	Spectrum Read#3
D	0.038	0.185	0.038	0.184	0.037	0.177	0.036	0.184	0.038	0.193	0.036	0.186	Spectrum Read#3
E	0.186	0.036	0.185	0.036	0.184	0.036	0.184	0.038	0.186	0.038	0.179	0.037	Spectrum Read#3
F	0.037	0.180	0.038	0.182	0.038	0.183	0.036	0.187	0.036	0.181	0.036	0.183	Spectrum Read#3
G	0.180	0.036	0.182	0.038	0.186	0.037	0.184	0.038	0.185	0.036	0.183	0.036	Spectrum Read#3
H	0.037	0.185	0.039	0.189	0.036	0.179	0.038	0.186	0.038	0.187	0.037	0.182	Spectrum Read#3

Spectrum
Wavelength 4 (500 nm)
	1	2	3	4	5	6	7	8	9	10	11	12
A	0.216	0.037	0.224	0.040	0.212	0.036	0.216	0.036	0.220	0.038	0.206	0.038	Spectrum Read#4
B	0.038	0.223	0.039	0.212	0.036	0.214	0.036	0.215	0.037	0.214	0.038	0.204	Spectrum Read#4
C	0.212	0.036	0.209	0.036	0.206	0.036	0.216	0.036	0.206	0.036	0.203	0.038	Spectrum Read#4
D	0.038	0.211	0.036	0.207	0.037	0.199	0.036	0.207	0.037	0.227	0.036	0.209	Spectrum Read#4
E	0.210	0.036	0.210	0.037	0.208	0.036	0.210	0.037	0.214	0.037	0.200	0.036	Spectrum Read#4
F	0.037	0.204	0.036	0.207	0.037	0.208	0.036	0.213	0.038	0.198	0.037	0.208	Spectrum Read#4
G	0.202	0.036	0.206	0.037	0.208	0.036	0.209	0.036	0.216	0.036	0.208	0.036	Spectrum Read#4
H	0.037	0.215	0.038	0.219	0.036	0.200	0.037	0.215	0.037	0.215	0.036	0.204	Spectrum Read#4

Spectrum
Wavelength 5 (530 nm)
	1	2	3	4	5	6	7	8	9	10	11	12
A	0.248	0.037	0.259	0.040	0.243	0.035	0.248	0.036	0.253	0.038	0.237	0.038	Spectrum Read#5
B	0.038	0.257	0.038	0.242	0.036	0.246	0.035	0.248	0.036	0.246	0.038	0.232	Spectrum Read#5
C	0.243	0.035	0.241	0.035	0.236	0.035	0.249	0.036	0.236	0.037	0.232	0.037	Spectrum Read#5
D	0.038	0.242	0.035	0.236	0.037	0.227	0.035	0.237	0.036	0.263	0.036	0.237	Spectrum Read#5
E	0.240	0.036	0.241	0.038	0.238	0.036	0.242	0.036	0.246	0.035	0.229	0.036	Spectrum Read#5
F	0.038	0.234	0.035	0.237	0.035	0.239	0.035	0.244	0.038	0.224	0.036	0.239	Spectrum Read#5
G	0.231	0.036	0.236	0.035	0.239	0.036	0.241	0.036	0.250	0.036	0.239	0.035	Spectrum Read#5
H	0.037	0.249	0.037	0.253	0.036	0.228	0.036	0.249	0.037	0.247	0.036	0.232	Spectrum Read#5

Spectrum
Wavelength 6 (560 nm)
	1	2	3	4	5	6	7	8	9	10	11	12
A	0.254	0.038	0.260	0.040	0.250	0.036	0.251	0.036	0.257	0.038	0.243	0.038	Spectrum Read#6
B	0.038	0.260	0.038	0.249	0.036	0.249	0.035	0.251	0.036	0.249	0.038	0.242	Spectrum Read#6
C	0.249	0.037	0.247	0.036	0.243	0.036	0.251	0.036	0.246	0.038	0.241	0.037	Spectrum Read#6
D	0.038	0.248	0.036	0.243	0.037	0.235	0.036	0.244	0.035	0.261	0.037	0.245	Spectrum Read#6
E	0.245	0.038	0.246	0.037	0.245	0.036	0.246	0.036	0.249	0.036	0.239	0.036	Spectrum Read#6
F	0.038	0.242	0.036	0.244	0.037	0.245	0.036	0.249	0.037	0.236	0.037	0.244	Spectrum Read#6
G	0.240	0.036	0.243	0.036	0.246	0.036	0.247	0.038	0.251	0.036	0.245	0.036	Spectrum Read#6
H	0.037	0.250	0.037	0.255	0.037	0.238	0.037	0.251	0.036	0.251	0.036	0.241	Spectrum Read#6

Spectrum
Wavelength 7 (590 nm)
	1	2	3	4	5	6	7	8	9	10	11	12
A	0.239	0.038	0.229	0.040	0.240	0.036	0.227	0.036	0.235	0.038	0.232	0.038	Spectrum Read#7
B	0.038	0.239	0.037	0.239	0.036	0.230	0.035	0.230	0.036	0.228	0.037	0.241	Spectrum Read#7
C	0.237	0.037	0.235	0.037	0.232	0.035	0.227	0.036	0.243	0.038	0.238	0.037	Spectrum Read#7
D	0.037	0.234	0.037	0.239	0.036	0.231	0.035	0.237	0.036	0.224	0.038	0.239	Spectrum Read#7
E	0.232	0.038	0.232	0.036	0.234	0.036	0.229	0.037	0.231	0.036	0.239	0.036	Spectrum Read#7
F	0.038	0.234	0.037	0.235	0.038	0.233	0.036	0.233	0.036	0.242	0.036	0.232	Spectrum Read#7
G	0.237	0.036	0.233	0.037	0.236	0.037	0.233	0.038	0.221	0.035	0.231	0.036	Spectrum Read#7
H	0.037	0.224	0.036	0.230	0.038	0.236	0.037	0.228	0.036	0.232	0.036	0.238	Spectrum Read#7

Spectrum
Wavelength 8 (620 nm)
	1	2	3	4	5	6	7	8	9	10	11	12
A	0.211	0.037	0.192	0.040	0.213	0.035	0.195	0.035	0.204	0.038	0.206	0.037	Spectrum Read#8
B	0.037	0.208	0.036	0.213	0.035	0.201	0.034	0.199	0.035	0.197	0.036	0.220	Spectrum Read#8
C	0.210	0.037	0.208	0.036	0.207	0.035	0.195	0.036	0.220	0.037	0.215	0.036	Spectrum Read#8
D	0.036	0.207	0.037	0.216	0.035	0.208	0.035	0.213	0.036	0.186	0.037	0.215	Spectrum Read#8
E	0.205	0.037	0.205	0.035	0.207	0.034	0.200	0.037	0.202	0.037	0.218	0.035	Spectrum Read#8
F	0.038	0.209	0.037	0.209	0.037	0.205	0.036	0.204	0.035	0.225	0.035	0.205	Spectrum Read#8
G	0.214	0.035	0.207	0.037	0.209	0.036	0.205	0.037	0.187	0.035	0.204	0.035	Spectrum Read#8
H	0.037	0.191	0.036	0.197	0.038	0.214	0.037	0.196	0.035	0.202	0.035	0.215	Spectrum Read#8

Spectrum
Wavelength 9 (650 nm)
	1	2	3	4	5	6	7	8	9	10	11	12
A	0.297	0.037	0.265	0.040	0.302	0.035	0.271	0.035	0.284	0.037	0.292	0.037	Spectrum Read#9
B	0.036	0.289	0.035	0.302	0.034	0.281	0.034	0.278	0.034	0.275	0.035	0.315	Spectrum Read#9
C	0.297	0.037	0.292	0.036	0.292	0.035	0.271	0.036	0.314	0.037	0.308	0.035	Spectrum Read#9
D	0.035	0.294	0.037	0.310	0.035	0.299	0.034	0.306	0.036	0.254	0.037	0.307	Spectrum Read#9
E	0.289	0.036	0.291	0.034	0.292	0.035	0.281	0.036	0.284	0.037	0.313	0.035	Spectrum Read#9
F	0.038	0.300	0.037	0.299	0.036	0.292	0.035	0.286	0.034	0.325	0.034	0.289	Spectrum Read#9
G	0.308	0.035	0.297	0.036	0.294	0.035	0.290	0.036	0.256	0.034	0.288	0.035	Spectrum Read#9
H	0.036	0.264	0.035	0.272	0.037	0.307	0.036	0.271	0.035	0.282	0.035	0.308	Spectrum Read#9

Spectrum
Wavelength 10 (680 nm)
	1	2	3	4	5	6	7	8	9	10	11	12
A	0.107	0.037	0.100	0.039	0.108	0.034	0.100	0.034	0.104	0.037	0.105	0.036	Spectrum Read#10
B	0.035	0.105	0.034	0.106	0.034	0.101	0.034	0.101	0.034	0.100	0.034	0.110	Spectrum Read#10
C	0.106	0.037	0.106	0.036	0.105	0.034	0.100	0.035	0.111	0.036	0.109	0.035	Spectrum Read#10
D	0.034	0.107	0.037	0.110	0.035	0.105	0.034	0.107	0.037	0.098	0.036	0.108	Spectrum Read#10
E	0.103	0.035	0.106	0.034	0.104	0.034	0.101	0.035	0.103	0.037	0.109	0.034	Spectrum Read#10
F	0.037	0.105	0.037	0.106	0.035	0.104	0.034	0.103	0.034	0.113	0.034	0.105	Spectrum Read#10
G	0.107	0.034	0.105	0.035	0.105	0.034	0.104	0.034	0.097	0.034	0.103	0.034	Spectrum Read#10
H	0.036	0.097	0.034	0.100	0.037	0.107	0.035	0.102	0.034	0.103	0.034	0.110	Spectrum Read#10

