Spectrum
Wavelength 1 (410 nm)
	1	2	3	4	5	6	7	8	9	10	11	12
A	0.219	0.036	0.220	0.037	0.219	0.037	0.215	0.038	0.216	0.037	0.226	0.037	Spectrum Read#1
B	0.037	0.224	0.038	0.226	0.037	0.226	0.038	0.223	0.037	0.217	0.038	0.213	Spectrum Read#1
C	0.207	0.037	0.223	0.037	0.222	0.040	0.225	0.038	0.215	0.038	0.214	0.038	Spectrum Read#1
D	0.037	0.223	0.037	0.221	0.038	0.235	0.038	0.224	0.038	0.223	0.038	0.224	Spectrum Read#1
E	0.211	0.038	0.220	0.038	0.226	0.038	0.227	0.038	0.222	0.038	0.225	0.038	Spectrum Read#1
F	0.037	0.222	0.037	0.224	0.038	0.223	0.038	0.224	0.038	0.222	0.038	0.225	Spectrum Read#1
G	0.225	0.038	0.230	0.037	0.224	0.039	0.226	0.038	0.224	0.038	0.232	0.038	Spectrum Read#1
H	0.037	0.222	0.037	0.221	0.041	0.224	0.038	0.222	0.037	0.228	0.039	0.229	Spectrum Read#1

Spectrum
Wavelength 2 (440 nm)
	1	2	3	4	5	6	7	8	9	10	11	12
A	0.205	0.035	0.208	0.036	0.207	0.035	0.203	0.037	0.204	0.036	0.212	0.036	Spectrum Read#2
B	0.035	0.212	0.036	0.213	0.036	0.212	0.037	0.210	0.036	0.205	0.037	0.210	Spectrum Read#2
C	0.205	0.036	0.210	0.036	0.209	0.038	0.211	0.036	0.212	0.036	0.201	0.036	Spectrum Read#2
D	0.036	0.211	0.036	0.217	0.036	0.231	0.036	0.210	0.036	0.210	0.036	0.211	Spectrum Read#2
E	0.199	0.037	0.207	0.036	0.213	0.037	0.214	0.036	0.210	0.036	0.212	0.037	Spectrum Read#2
F	0.036	0.209	0.035	0.211	0.036	0.211	0.036	0.212	0.036	0.209	0.037	0.212	Spectrum Read#2
G	0.212	0.036	0.218	0.036	0.211	0.037	0.214	0.036	0.211	0.037	0.218	0.036	Spectrum Read#2
H	0.035	0.210	0.036	0.209	0.039	0.211	0.036	0.210	0.035	0.216	0.037	0.215	Spectrum Read#2

Spectrum
Wavelength 3 (470 nm)
	1	2	3	4	5	6	7	8	9	10	11	12
A	0.201	0.034	0.210	0.035	0.207	0.034	0.201	0.037	0.202	0.035	0.202	0.036	Spectrum Read#3
B	0.035	0.218	0.036	0.216	0.035	0.208	0.037	0.211	0.035	0.205	0.037	0.245	Spectrum Read#3
C	0.237	0.035	0.210	0.035	0.204	0.036	0.209	0.035	0.245	0.035	0.201	0.035	Spectrum Read#3
D	0.036	0.211	0.035	0.251	0.036	0.261	0.035	0.207	0.036	0.207	0.035	0.207	Spectrum Read#3
E	0.200	0.037	0.207	0.035	0.208	0.036	0.213	0.035	0.209	0.036	0.209	0.036	Spectrum Read#3
F	0.035	0.210	0.035	0.210	0.035	0.211	0.035	0.210	0.035	0.207	0.036	0.206	Spectrum Read#3
G	0.211	0.035	0.215	0.035	0.211	0.036	0.214	0.035	0.209	0.035	0.214	0.035	Spectrum Read#3
H	0.034	0.207	0.036	0.212	0.038	0.214	0.035	0.207	0.035	0.214	0.038	0.208	Spectrum Read#3

Spectrum
Wavelength 4 (500 nm)
	1	2	3	4	5	6	7	8	9	10	11	12
A	0.223	0.034	0.242	0.035	0.237	0.034	0.227	0.036	0.229	0.034	0.216	0.035	Spectrum Read#4
B	0.034	0.257	0.035	0.252	0.035	0.230	0.036	0.242	0.035	0.234	0.036	0.317	Spectrum Read#4
C	0.306	0.035	0.240	0.034	0.227	0.036	0.236	0.035	0.317	0.035	0.229	0.034	Spectrum Read#4
D	0.035	0.241	0.034	0.324	0.035	0.331	0.035	0.232	0.035	0.234	0.035	0.234	Spectrum Read#4
E	0.229	0.035	0.238	0.034	0.233	0.035	0.242	0.035	0.238	0.035	0.234	0.035	Spectrum Read#4
F	0.035	0.240	0.035	0.240	0.035	0.241	0.035	0.239	0.035	0.234	0.035	0.227	Spectrum Read#4
G	0.238	0.035	0.241	0.034	0.241	0.035	0.242	0.035	0.236	0.034	0.240	0.035	Spectrum Read#4
H	0.034	0.232	0.036	0.247	0.038	0.247	0.036	0.232	0.034	0.241	0.037	0.227	Spectrum Read#4

Spectrum
Wavelength 5 (530 nm)
	1	2	3	4	5	6	7	8	9	10	11	12
A	0.255	0.034	0.280	0.035	0.274	0.034	0.260	0.036	0.263	0.034	0.243	0.035	Spectrum Read#5
B	0.035	0.300	0.035	0.293	0.035	0.262	0.035	0.280	0.036	0.271	0.036	0.380	Spectrum Read#5
C	0.366	0.035	0.278	0.035	0.259	0.036	0.272	0.035	0.378	0.035	0.264	0.035	Spectrum Read#5
D	0.035	0.278	0.035	0.385	0.035	0.392	0.035	0.266	0.035	0.268	0.035	0.269	Spectrum Read#5
E	0.265	0.035	0.275	0.035	0.266	0.035	0.278	0.035	0.275	0.035	0.268	0.034	Spectrum Read#5
F	0.035	0.277	0.034	0.278	0.035	0.278	0.035	0.276	0.035	0.268	0.034	0.258	Spectrum Read#5
G	0.273	0.034	0.277	0.034	0.278	0.035	0.278	0.035	0.271	0.034	0.274	0.035	Spectrum Read#5
H	0.034	0.265	0.035	0.287	0.038	0.285	0.036	0.265	0.034	0.277	0.036	0.257	Spectrum Read#5

Spectrum
Wavelength 6 (560 nm)
	1	2	3	4	5	6	7	8	9	10	11	12
A	0.263	0.034	0.280	0.035	0.275	0.034	0.265	0.036	0.267	0.035	0.258	0.036	Spectrum Read#6
B	0.035	0.295	0.035	0.291	0.035	0.271	0.035	0.282	0.036	0.272	0.036	0.330	Spectrum Read#6
C	0.318	0.035	0.280	0.035	0.267	0.036	0.278	0.035	0.329	0.035	0.267	0.035	Spectrum Read#6
D	0.035	0.279	0.035	0.336	0.035	0.345	0.035	0.272	0.035	0.272	0.035	0.274	Spectrum Read#6
E	0.267	0.035	0.277	0.035	0.273	0.035	0.282	0.035	0.278	0.035	0.273	0.035	Spectrum Read#6
F	0.035	0.278	0.035	0.280	0.035	0.279	0.035	0.278	0.036	0.273	0.034	0.267	Spectrum Read#6
G	0.277	0.035	0.282	0.034	0.279	0.036	0.280	0.035	0.275	0.035	0.281	0.035	Spectrum Read#6
H	0.034	0.269	0.035	0.284	0.038	0.283	0.036	0.270	0.034	0.279	0.036	0.269	Spectrum Read#6

Spectrum
Wavelength 7 (590 nm)
	1	2	3	4	5	6	7	8	9	10	11	12
A	0.258	0.034	0.248	0.035	0.248	0.034	0.250	0.036	0.249	0.034	0.273	0.035	Spectrum Read#7
B	0.035	0.246	0.034	0.254	0.035	0.267	0.035	0.256	0.036	0.248	0.036	0.168	Spectrum Read#7
C	0.163	0.035	0.256	0.035	0.261	0.036	0.262	0.035	0.171	0.036	0.246	0.035	Spectrum Read#7
D	0.034	0.255	0.035	0.174	0.035	0.194	0.035	0.262	0.035	0.256	0.036	0.258	Spectrum Read#7
E	0.241	0.035	0.250	0.035	0.265	0.035	0.262	0.035	0.255	0.035	0.260	0.035	Spectrum Read#7
F	0.035	0.252	0.035	0.256	0.035	0.254	0.035	0.256	0.035	0.257	0.034	0.267	Spectrum Read#7
G	0.260	0.035	0.266	0.034	0.254	0.036	0.258	0.034	0.257	0.035	0.271	0.035	Spectrum Read#7
H	0.034	0.256	0.034	0.246	0.038	0.250	0.035	0.258	0.034	0.260	0.036	0.273	Spectrum Read#7

Spectrum
Wavelength 8 (620 nm)
	1	2	3	4	5	6	7	8	9	10	11	12
A	0.234	0.033	0.211	0.034	0.214	0.034	0.222	0.035	0.219	0.034	0.259	0.035	Spectrum Read#8
B	0.034	0.201	0.034	0.213	0.034	0.243	0.034	0.221	0.035	0.214	0.035	0.067	Spectrum Read#8
C	0.068	0.034	0.222	0.034	0.236	0.035	0.233	0.035	0.073	0.035	0.215	0.035	Spectrum Read#8
D	0.034	0.220	0.035	0.074	0.034	0.098	0.035	0.234	0.034	0.227	0.035	0.228	Spectrum Read#8
E	0.207	0.034	0.215	0.034	0.239	0.034	0.229	0.034	0.222	0.034	0.231	0.034	Spectrum Read#8
F	0.034	0.218	0.034	0.222	0.034	0.220	0.035	0.224	0.035	0.227	0.034	0.244	Spectrum Read#8
G	0.229	0.035	0.236	0.033	0.220	0.036	0.226	0.034	0.227	0.035	0.243	0.034	Spectrum Read#8
H	0.033	0.229	0.033	0.205	0.037	0.212	0.034	0.231	0.033	0.230	0.035	0.253	Spectrum Read#8

Spectrum
Wavelength 9 (650 nm)
	1	2	3	4	5	6	7	8	9	10	11	12
A	0.334	0.033	0.290	0.034	0.296	0.033	0.313	0.035	0.306	0.033	0.376	0.034	Spectrum Read#9
B	0.034	0.269	0.034	0.291	0.034	0.347	0.034	0.307	0.035	0.298	0.034	0.049	Spectrum Read#9
C	0.050	0.034	0.309	0.034	0.338	0.035	0.328	0.035	0.056	0.034	0.299	0.035	Spectrum Read#9
D	0.033	0.307	0.035	0.057	0.034	0.087	0.035	0.333	0.034	0.318	0.035	0.320	Spectrum Read#9
E	0.286	0.034	0.299	0.034	0.340	0.034	0.322	0.033	0.309	0.034	0.326	0.034	Spectrum Read#9
F	0.033	0.302	0.034	0.308	0.034	0.305	0.034	0.310	0.034	0.319	0.034	0.350	Spectrum Read#9
G	0.321	0.035	0.332	0.033	0.304	0.035	0.314	0.033	0.316	0.035	0.344	0.033	Spectrum Read#9
H	0.033	0.322	0.033	0.278	0.037	0.289	0.034	0.324	0.033	0.319	0.034	0.362	Spectrum Read#9

Spectrum
Wavelength 10 (680 nm)
	1	2	3	4	5	6	7	8	9	10	11	12
A	0.112	0.032	0.104	0.033	0.104	0.033	0.108	0.034	0.107	0.033	0.123	0.034	Spectrum Read#10
B	0.033	0.099	0.033	0.104	0.033	0.116	0.033	0.107	0.034	0.105	0.034	0.042	Spectrum Read#10
C	0.043	0.033	0.107	0.034	0.113	0.034	0.112	0.034	0.045	0.034	0.106	0.034	Spectrum Read#10
D	0.033	0.107	0.035	0.048	0.033	0.062	0.034	0.113	0.033	0.111	0.035	0.110	Spectrum Read#10
E	0.101	0.034	0.106	0.033	0.114	0.033	0.111	0.033	0.107	0.033	0.112	0.033	Spectrum Read#10
F	0.033	0.106	0.034	0.108	0.033	0.107	0.034	0.110	0.033	0.109	0.033	0.117	Spectrum Read#10
G	0.111	0.034	0.113	0.032	0.107	0.034	0.109	0.033	0.110	0.034	0.116	0.032	Spectrum Read#10
H	0.032	0.112	0.032	0.102	0.036	0.105	0.033	0.112	0.033	0.112	0.034	0.122	Spectrum Read#10

