Spectrum
Wavelength 1 (410 nm)
	1	2	3	4	5	6	7	8	9	10	11	12
A	0.202	0.039	0.193	0.040	0.184	0.040	0.189	0.040	0.194	0.040	0.195	0.041	Spectrum Read#1
B	0.040	0.199	0.041	0.195	0.040	0.196	0.040	0.192	0.040	0.200	0.040	0.196	Spectrum Read#1
C	0.197	0.041	0.192	0.040	0.229	0.040	0.215	0.041	0.206	0.040	0.193	0.040	Spectrum Read#1
D	0.040	0.196	0.041	0.213	0.043	0.234	0.045	0.219	0.040	0.204	0.041	0.190	Spectrum Read#1
E	0.193	0.041	0.210	0.041	0.235	0.040	0.219	0.041	0.216	0.040	0.193	0.041	Spectrum Read#1
F	0.040	0.196	0.040	0.213	0.041	0.225	0.040	0.233	0.041	0.218	0.040	0.190	Spectrum Read#1
G	0.192	0.040	0.192	0.041	0.194	0.041	0.197	0.040	0.192	0.040	0.196	0.040	Spectrum Read#1
H	0.040	0.196	0.042	0.191	0.040	0.190	0.041	0.194	0.040	0.193	0.040	0.208	Spectrum Read#1

Spectrum
Wavelength 2 (440 nm)
	1	2	3	4	5	6	7	8	9	10	11	12
A	0.188	0.037	0.180	0.037	0.173	0.037	0.177	0.037	0.181	0.038	0.183	0.039	Spectrum Read#2
B	0.038	0.184	0.039	0.181	0.038	0.182	0.038	0.179	0.038	0.187	0.037	0.183	Spectrum Read#2
C	0.183	0.040	0.179	0.038	0.214	0.038	0.202	0.039	0.191	0.038	0.181	0.038	Spectrum Read#2
D	0.039	0.184	0.040	0.198	0.040	0.218	0.043	0.205	0.038	0.192	0.039	0.178	Spectrum Read#2
E	0.181	0.038	0.196	0.038	0.220	0.038	0.203	0.038	0.200	0.039	0.179	0.038	Spectrum Read#2
F	0.038	0.180	0.039	0.198	0.038	0.210	0.038	0.217	0.038	0.205	0.037	0.178	Spectrum Read#2
G	0.179	0.037	0.178	0.038	0.182	0.038	0.184	0.039	0.179	0.037	0.182	0.037	Spectrum Read#2
H	0.038	0.182	0.040	0.178	0.038	0.177	0.039	0.181	0.038	0.181	0.038	0.195	Spectrum Read#2

Spectrum
Wavelength 3 (470 nm)
	1	2	3	4	5	6	7	8	9	10	11	12
A	0.188	0.036	0.182	0.037	0.186	0.036	0.184	0.036	0.182	0.038	0.191	0.038	Spectrum Read#3
B	0.038	0.179	0.039	0.179	0.037	0.182	0.036	0.182	0.038	0.183	0.037	0.185	Spectrum Read#3
C	0.180	0.037	0.178	0.037	0.214	0.036	0.209	0.037	0.189	0.036	0.185	0.038	Spectrum Read#3
D	0.039	0.180	0.038	0.201	0.039	0.217	0.042	0.206	0.038	0.190	0.037	0.181	Spectrum Read#3
E	0.182	0.037	0.195	0.036	0.212	0.036	0.198	0.038	0.201	0.038	0.180	0.037	Spectrum Read#3
F	0.037	0.172	0.038	0.195	0.039	0.214	0.036	0.217	0.036	0.201	0.037	0.179	Spectrum Read#3
G	0.177	0.036	0.177	0.038	0.182	0.037	0.182	0.038	0.185	0.036	0.178	0.036	Spectrum Read#3
H	0.037	0.175	0.039	0.182	0.036	0.181	0.038	0.179	0.038	0.187	0.037	0.198	Spectrum Read#3

Spectrum
Wavelength 4 (500 nm)
	1	2	3	4	5	6	7	8	9	10	11	12
A	0.217	0.036	0.211	0.036	0.232	0.036	0.223	0.036	0.210	0.038	0.232	0.038	Spectrum Read#4
B	0.038	0.198	0.038	0.204	0.037	0.210	0.036	0.214	0.037	0.204	0.038	0.217	Spectrum Read#4
C	0.202	0.036	0.206	0.036	0.242	0.036	0.250	0.036	0.213	0.036	0.220	0.038	Spectrum Read#4
D	0.038	0.200	0.036	0.232	0.039	0.245	0.042	0.237	0.037	0.214	0.036	0.212	Spectrum Read#4
E	0.211	0.037	0.218	0.037	0.227	0.036	0.216	0.037	0.231	0.037	0.211	0.036	Spectrum Read#4
F	0.037	0.186	0.036	0.221	0.036	0.248	0.036	0.242	0.037	0.223	0.037	0.207	Spectrum Read#4
G	0.202	0.036	0.202	0.037	0.208	0.036	0.205	0.036	0.219	0.036	0.200	0.036	Spectrum Read#4
H	0.037	0.192	0.037	0.213	0.036	0.211	0.036	0.204	0.037	0.224	0.036	0.232	Spectrum Read#4

Spectrum
Wavelength 5 (530 nm)
	1	2	3	4	5	6	7	8	9	10	11	12
A	0.252	0.037	0.246	0.037	0.276	0.036	0.262	0.036	0.243	0.038	0.273	0.038	Spectrum Read#5
B	0.038	0.227	0.038	0.234	0.037	0.243	0.036	0.250	0.037	0.233	0.038	0.252	Spectrum Read#5
C	0.231	0.036	0.239	0.036	0.275	0.036	0.290	0.036	0.244	0.038	0.257	0.038	Spectrum Read#5
D	0.038	0.229	0.036	0.266	0.039	0.278	0.043	0.270	0.036	0.244	0.037	0.247	Spectrum Read#5
E	0.244	0.038	0.247	0.038	0.253	0.036	0.244	0.036	0.265	0.036	0.246	0.036	Spectrum Read#5
F	0.038	0.212	0.036	0.253	0.036	0.286	0.036	0.272	0.039	0.252	0.037	0.240	Spectrum Read#5
G	0.233	0.036	0.233	0.036	0.242	0.036	0.236	0.037	0.255	0.037	0.229	0.036	Spectrum Read#5
H	0.037	0.218	0.037	0.248	0.036	0.246	0.037	0.235	0.037	0.262	0.036	0.270	Spectrum Read#5

Spectrum
Wavelength 6 (560 nm)
	1	2	3	4	5	6	7	8	9	10	11	12
A	0.257	0.037	0.249	0.037	0.264	0.035	0.256	0.036	0.246	0.038	0.266	0.038	Spectrum Read#6
B	0.038	0.238	0.037	0.241	0.036	0.246	0.036	0.249	0.036	0.241	0.038	0.253	Spectrum Read#6
C	0.240	0.037	0.244	0.036	0.276	0.036	0.279	0.036	0.250	0.038	0.255	0.038	Spectrum Read#6
D	0.038	0.238	0.036	0.264	0.038	0.277	0.042	0.269	0.036	0.249	0.038	0.246	Spectrum Read#6
E	0.246	0.038	0.252	0.038	0.264	0.036	0.253	0.036	0.264	0.036	0.248	0.036	Spectrum Read#6
F	0.038	0.227	0.036	0.256	0.037	0.280	0.036	0.273	0.037	0.258	0.037	0.242	Spectrum Read#6
G	0.239	0.036	0.238	0.036	0.246	0.037	0.243	0.038	0.252	0.036	0.238	0.036	Spectrum Read#6
H	0.037	0.231	0.036	0.248	0.037	0.246	0.037	0.241	0.037	0.256	0.036	0.270	Spectrum Read#6

Spectrum
Wavelength 7 (590 nm)
	1	2	3	4	5	6	7	8	9	10	11	12
A	0.238	0.037	0.224	0.037	0.194	0.035	0.206	0.036	0.226	0.038	0.212	0.037	Spectrum Read#7
B	0.038	0.243	0.036	0.231	0.036	0.225	0.035	0.217	0.035	0.238	0.037	0.226	Spectrum Read#7
C	0.237	0.037	0.226	0.037	0.246	0.036	0.218	0.036	0.238	0.038	0.215	0.037	Spectrum Read#7
D	0.037	0.237	0.037	0.231	0.038	0.247	0.043	0.237	0.036	0.234	0.038	0.215	Spectrum Read#7
E	0.221	0.038	0.239	0.036	0.270	0.035	0.252	0.037	0.235	0.036	0.221	0.035	Spectrum Read#7
F	0.038	0.245	0.036	0.241	0.038	0.233	0.036	0.251	0.036	0.249	0.036	0.221	Spectrum Read#7
G	0.227	0.036	0.226	0.037	0.226	0.037	0.233	0.038	0.213	0.035	0.234	0.036	Spectrum Read#7
H	0.037	0.239	0.036	0.218	0.037	0.217	0.037	0.230	0.036	0.209	0.035	0.236	Spectrum Read#7

Spectrum
Wavelength 8 (620 nm)
	1	2	3	4	5	6	7	8	9	10	11	12
A	0.208	0.037	0.193	0.037	0.142	0.035	0.164	0.035	0.195	0.038	0.166	0.037	Spectrum Read#8
B	0.037	0.225	0.036	0.206	0.036	0.196	0.035	0.181	0.035	0.216	0.037	0.192	Spectrum Read#8
C	0.215	0.038	0.198	0.037	0.213	0.035	0.169	0.037	0.212	0.038	0.177	0.036	Spectrum Read#8
D	0.036	0.216	0.038	0.196	0.037	0.212	0.042	0.202	0.036	0.207	0.038	0.181	Spectrum Read#8
E	0.190	0.038	0.213	0.035	0.252	0.035	0.230	0.037	0.201	0.037	0.188	0.036	Spectrum Read#8
F	0.038	0.232	0.037	0.212	0.038	0.190	0.036	0.220	0.035	0.224	0.036	0.191	Spectrum Read#8
G	0.201	0.036	0.200	0.037	0.196	0.037	0.207	0.037	0.175	0.035	0.211	0.035	Spectrum Read#8
H	0.037	0.222	0.036	0.184	0.038	0.183	0.036	0.204	0.036	0.168	0.035	0.199	Spectrum Read#8

Spectrum
Wavelength 9 (650 nm)
	1	2	3	4	5	6	7	8	9	10	11	12
A	0.293	0.037	0.268	0.036	0.178	0.034	0.217	0.035	0.273	0.037	0.218	0.036	Spectrum Read#9
B	0.036	0.326	0.035	0.293	0.035	0.274	0.035	0.250	0.034	0.310	0.035	0.265	Spectrum Read#9
C	0.307	0.037	0.278	0.037	0.282	0.035	0.210	0.036	0.295	0.037	0.238	0.035	Spectrum Read#9
D	0.035	0.312	0.038	0.263	0.036	0.280	0.042	0.269	0.036	0.289	0.037	0.249	Spectrum Read#9
E	0.265	0.037	0.297	0.035	0.349	0.034	0.324	0.036	0.271	0.037	0.259	0.035	Spectrum Read#9
F	0.038	0.342	0.037	0.294	0.036	0.244	0.035	0.293	0.034	0.310	0.035	0.266	Spectrum Read#9
G	0.286	0.035	0.284	0.036	0.271	0.035	0.292	0.035	0.236	0.034	0.304	0.035	Spectrum Read#9
H	0.036	0.324	0.035	0.253	0.037	0.251	0.036	0.288	0.035	0.222	0.034	0.270	Spectrum Read#9

Spectrum
Wavelength 10 (680 nm)
	1	2	3	4	5	6	7	8	9	10	11	12
A	0.106	0.037	0.101	0.036	0.077	0.034	0.087	0.034	0.101	0.037	0.089	0.036	Spectrum Read#10
B	0.036	0.111	0.034	0.104	0.034	0.100	0.034	0.094	0.034	0.109	0.035	0.099	Spectrum Read#10
C	0.108	0.037	0.102	0.036	0.121	0.034	0.098	0.036	0.112	0.036	0.095	0.035	Spectrum Read#10
D	0.035	0.111	0.038	0.109	0.037	0.120	0.041	0.113	0.037	0.111	0.037	0.093	Spectrum Read#10
E	0.097	0.036	0.115	0.035	0.138	0.034	0.121	0.035	0.110	0.037	0.097	0.034	Spectrum Read#10
F	0.037	0.113	0.037	0.114	0.035	0.109	0.034	0.123	0.035	0.123	0.034	0.099	Spectrum Read#10
G	0.102	0.034	0.103	0.035	0.100	0.035	0.105	0.034	0.092	0.034	0.107	0.034	Spectrum Read#10
H	0.036	0.111	0.034	0.095	0.037	0.095	0.035	0.105	0.034	0.089	0.034	0.104	Spectrum Read#10

