Spectrum
Wavelength 1 (410 nm)
	1	2	3	4	5	6	7	8	9	10	11	12
A	0.223	0.040	0.217	0.037	0.215	0.043	0.218	0.039	0.226	0.050	0.225	0.038	Spectrum Read#1
B	0.037	0.226	0.037	0.226	0.037	0.217	0.038	0.225	0.042	0.223	0.038	0.223	Spectrum Read#1
C	0.230	0.037	0.227	0.046	0.232	0.043	0.229	0.038	0.222	0.038	0.230	0.039	Spectrum Read#1
D	0.040	0.231	0.039	0.224	0.044	0.226	0.037	0.225	0.038	0.225	0.037	0.218	Spectrum Read#1
E	0.238	0.037	0.235	0.038	0.226	0.040	0.225	0.038	0.226	0.038	0.238	0.038	Spectrum Read#1
F	0.045	0.221	0.040	0.220	0.038	0.224	0.039	0.234	0.040	0.230	0.040	0.234	Spectrum Read#1
G	0.220	0.038	0.225	0.038	0.226	0.040	0.229	0.038	0.233	0.039	0.231	0.037	Spectrum Read#1
H	0.038	0.232	0.038	0.225	0.037	0.223	0.050	0.229	0.040	0.232	0.046	0.234	Spectrum Read#1

Spectrum
Wavelength 2 (440 nm)
	1	2	3	4	5	6	7	8	9	10	11	12
A	0.209	0.038	0.214	0.036	0.202	0.042	0.205	0.037	0.213	0.049	0.212	0.037	Spectrum Read#2
B	0.036	0.213	0.036	0.211	0.036	0.204	0.036	0.211	0.041	0.210	0.037	0.210	Spectrum Read#2
C	0.216	0.036	0.213	0.044	0.217	0.041	0.214	0.036	0.209	0.036	0.216	0.037	Spectrum Read#2
D	0.039	0.217	0.037	0.210	0.043	0.212	0.036	0.212	0.036	0.212	0.036	0.205	Spectrum Read#2
E	0.223	0.036	0.221	0.036	0.212	0.038	0.211	0.036	0.213	0.036	0.225	0.036	Spectrum Read#2
F	0.044	0.208	0.038	0.207	0.036	0.210	0.038	0.220	0.038	0.216	0.039	0.220	Spectrum Read#2
G	0.219	0.037	0.211	0.036	0.212	0.038	0.215	0.036	0.220	0.037	0.219	0.036	Spectrum Read#2
H	0.037	0.219	0.037	0.211	0.036	0.210	0.049	0.215	0.038	0.218	0.045	0.218	Spectrum Read#2

Spectrum
Wavelength 3 (470 nm)
	1	2	3	4	5	6	7	8	9	10	11	12
A	0.206	0.037	0.247	0.035	0.198	0.041	0.200	0.037	0.210	0.048	0.210	0.036	Spectrum Read#3
B	0.035	0.210	0.035	0.205	0.035	0.200	0.035	0.208	0.040	0.210	0.036	0.210	Spectrum Read#3
C	0.210	0.035	0.208	0.043	0.211	0.041	0.208	0.035	0.207	0.035	0.212	0.036	Spectrum Read#3
D	0.038	0.214	0.036	0.206	0.042	0.212	0.035	0.212	0.035	0.208	0.035	0.203	Spectrum Read#3
E	0.215	0.035	0.218	0.036	0.207	0.037	0.205	0.036	0.210	0.035	0.223	0.036	Spectrum Read#3
F	0.043	0.204	0.037	0.207	0.036	0.205	0.037	0.216	0.037	0.213	0.038	0.214	Spectrum Read#3
G	0.253	0.036	0.205	0.036	0.210	0.038	0.210	0.035	0.217	0.037	0.216	0.035	Spectrum Read#3
H	0.036	0.215	0.036	0.209	0.035	0.207	0.048	0.211	0.037	0.211	0.044	0.207	Spectrum Read#3

Spectrum
Wavelength 4 (500 nm)
	1	2	3	4	5	6	7	8	9	10	11	12
A	0.233	0.037	0.319	0.035	0.222	0.041	0.223	0.036	0.236	0.047	0.239	0.035	Spectrum Read#4
B	0.035	0.239	0.035	0.225	0.035	0.224	0.035	0.234	0.039	0.243	0.036	0.242	Spectrum Read#4
C	0.232	0.035	0.232	0.043	0.233	0.040	0.231	0.035	0.235	0.035	0.238	0.036	Spectrum Read#4
D	0.037	0.241	0.036	0.231	0.042	0.243	0.035	0.245	0.035	0.235	0.035	0.229	Spectrum Read#4
E	0.234	0.035	0.246	0.035	0.230	0.037	0.229	0.035	0.238	0.035	0.252	0.036	Spectrum Read#4
F	0.043	0.230	0.037	0.238	0.035	0.230	0.037	0.241	0.036	0.242	0.037	0.235	Spectrum Read#4
G	0.327	0.036	0.227	0.035	0.240	0.037	0.235	0.035	0.245	0.036	0.243	0.035	Spectrum Read#4
H	0.036	0.242	0.035	0.238	0.035	0.233	0.048	0.236	0.037	0.231	0.044	0.219	Spectrum Read#4

Spectrum
Wavelength 5 (530 nm)
	1	2	3	4	5	6	7	8	9	10	11	12
A	0.267	0.037	0.378	0.035	0.253	0.040	0.254	0.036	0.269	0.047	0.273	0.035	Spectrum Read#5
B	0.035	0.274	0.035	0.255	0.035	0.255	0.035	0.267	0.039	0.280	0.036	0.279	Spectrum Read#5
C	0.262	0.035	0.263	0.043	0.263	0.040	0.263	0.035	0.269	0.035	0.271	0.036	Spectrum Read#5
D	0.037	0.275	0.036	0.264	0.041	0.279	0.035	0.283	0.035	0.268	0.035	0.262	Spectrum Read#5
E	0.263	0.035	0.281	0.035	0.262	0.037	0.260	0.035	0.273	0.035	0.287	0.036	Spectrum Read#5
F	0.042	0.264	0.037	0.274	0.035	0.262	0.037	0.275	0.036	0.277	0.037	0.265	Spectrum Read#5
G	0.385	0.035	0.258	0.035	0.275	0.037	0.267	0.035	0.279	0.036	0.276	0.035	Spectrum Read#5
H	0.036	0.277	0.035	0.272	0.035	0.265	0.047	0.269	0.037	0.260	0.044	0.244	Spectrum Read#5

Spectrum
Wavelength 6 (560 nm)
	1	2	3	4	5	6	7	8	9	10	11	12
A	0.273	0.037	0.331	0.035	0.260	0.040	0.261	0.036	0.275	0.047	0.277	0.035	Spectrum Read#6
B	0.035	0.279	0.035	0.266	0.035	0.262	0.035	0.274	0.039	0.281	0.035	0.280	Spectrum Read#6
C	0.271	0.035	0.271	0.043	0.273	0.040	0.273	0.035	0.273	0.035	0.278	0.036	Spectrum Read#6
D	0.037	0.281	0.036	0.271	0.041	0.282	0.035	0.284	0.035	0.275	0.035	0.266	Spectrum Read#6
E	0.275	0.035	0.287	0.035	0.271	0.037	0.270	0.035	0.278	0.035	0.290	0.035	Spectrum Read#6
F	0.042	0.270	0.036	0.275	0.035	0.270	0.036	0.282	0.036	0.281	0.037	0.273	Spectrum Read#6
G	0.334	0.035	0.267	0.035	0.280	0.037	0.275	0.035	0.282	0.036	0.281	0.035	Spectrum Read#6
H	0.036	0.282	0.035	0.277	0.035	0.271	0.047	0.276	0.037	0.270	0.044	0.262	Spectrum Read#6

Spectrum
Wavelength 7 (590 nm)
	1	2	3	4	5	6	7	8	9	10	11	12
A	0.260	0.037	0.175	0.035	0.252	0.040	0.257	0.035	0.263	0.047	0.260	0.035	Spectrum Read#7
B	0.034	0.263	0.035	0.271	0.034	0.254	0.035	0.264	0.039	0.254	0.035	0.253	Spectrum Read#7
C	0.271	0.035	0.265	0.042	0.274	0.040	0.273	0.035	0.254	0.035	0.269	0.035	Spectrum Read#7
D	0.037	0.267	0.035	0.264	0.041	0.258	0.035	0.255	0.035	0.264	0.034	0.252	Spectrum Read#7
E	0.285	0.035	0.271	0.035	0.269	0.036	0.269	0.035	0.262	0.034	0.272	0.035	Spectrum Read#7
F	0.042	0.259	0.036	0.250	0.035	0.264	0.036	0.274	0.035	0.264	0.036	0.272	Spectrum Read#7
G	0.170	0.035	0.267	0.035	0.262	0.037	0.269	0.035	0.266	0.036	0.266	0.034	Spectrum Read#7
H	0.036	0.270	0.035	0.261	0.035	0.259	0.047	0.270	0.037	0.275	0.044	0.288	Spectrum Read#7

Spectrum
Wavelength 8 (620 nm)
	1	2	3	4	5	6	7	8	9	10	11	12
A	0.231	0.036	0.081	0.034	0.226	0.040	0.232	0.035	0.234	0.046	0.228	0.035	Spectrum Read#8
B	0.034	0.231	0.035	0.248	0.034	0.229	0.034	0.236	0.039	0.217	0.035	0.217	Spectrum Read#8
C	0.247	0.035	0.239	0.042	0.250	0.039	0.248	0.035	0.223	0.034	0.240	0.035	Spectrum Read#8
D	0.037	0.237	0.036	0.236	0.041	0.223	0.034	0.218	0.034	0.235	0.034	0.222	Spectrum Read#8
E	0.266	0.035	0.240	0.035	0.244	0.036	0.244	0.034	0.231	0.034	0.239	0.035	Spectrum Read#8
F	0.042	0.230	0.036	0.216	0.035	0.237	0.036	0.245	0.035	0.232	0.036	0.248	Spectrum Read#8
G	0.073	0.035	0.243	0.034	0.231	0.036	0.242	0.034	0.235	0.035	0.237	0.034	Spectrum Read#8
H	0.036	0.240	0.034	0.230	0.035	0.231	0.046	0.243	0.037	0.253	0.044	0.277	Spectrum Read#8

Spectrum
Wavelength 9 (650 nm)
	1	2	3	4	5	6	7	8	9	10	11	12
A	0.328	0.036	0.064	0.034	0.321	0.039	0.332	0.035	0.329	0.046	0.320	0.034	Spectrum Read#9
B	0.034	0.326	0.034	0.359	0.034	0.326	0.034	0.336	0.038	0.302	0.035	0.300	Spectrum Read#9
C	0.350	0.034	0.338	0.041	0.359	0.039	0.357	0.034	0.313	0.033	0.341	0.034	Spectrum Read#9
D	0.036	0.333	0.035	0.338	0.040	0.311	0.034	0.302	0.033	0.334	0.034	0.313	Spectrum Read#9
E	0.381	0.034	0.336	0.034	0.350	0.036	0.352	0.034	0.326	0.034	0.331	0.034	Spectrum Read#9
F	0.041	0.327	0.035	0.299	0.034	0.339	0.035	0.348	0.034	0.325	0.035	0.349	Spectrum Read#9
G	0.055	0.034	0.348	0.033	0.324	0.036	0.344	0.034	0.327	0.035	0.328	0.034	Spectrum Read#9
H	0.035	0.337	0.034	0.323	0.034	0.325	0.046	0.344	0.037	0.360	0.043	0.402	Spectrum Read#9

Spectrum
Wavelength 10 (680 nm)
	1	2	3	4	5	6	7	8	9	10	11	12
A	0.114	0.036	0.054	0.033	0.112	0.038	0.115	0.034	0.118	0.045	0.115	0.034	Spectrum Read#10
B	0.033	0.116	0.033	0.121	0.033	0.114	0.033	0.117	0.037	0.109	0.034	0.110	Spectrum Read#10
C	0.123	0.034	0.121	0.041	0.124	0.038	0.121	0.033	0.112	0.033	0.118	0.034	Spectrum Read#10
D	0.036	0.120	0.035	0.116	0.040	0.113	0.034	0.109	0.033	0.116	0.034	0.111	Spectrum Read#10
E	0.132	0.033	0.122	0.034	0.120	0.035	0.120	0.034	0.115	0.033	0.123	0.034	Spectrum Read#10
F	0.040	0.114	0.035	0.108	0.033	0.117	0.035	0.120	0.034	0.115	0.035	0.127	Spectrum Read#10
G	0.050	0.034	0.120	0.033	0.114	0.035	0.121	0.034	0.119	0.034	0.122	0.033	Spectrum Read#10
H	0.035	0.119	0.034	0.114	0.034	0.115	0.045	0.121	0.037	0.127	0.043	0.134	Spectrum Read#10

