Spectrum
Wavelength 1 (410 nm)
	1	2	3	4	5	6	7	8	9	10	11	12
A	0.234	0.038	0.230	0.037	0.227	0.038	0.232	0.038	0.231	0.037	0.231	0.037	Spectrum Read#1
B	0.037	0.224	0.037	0.223	0.037	0.229	0.038	0.230	0.038	0.222	0.038	0.230	Spectrum Read#1
C	0.228	0.038	0.228	0.038	0.232	0.039	0.217	0.038	0.232	0.038	0.228	0.037	Spectrum Read#1
D	0.038	0.228	0.038	0.229	0.038	0.226	0.038	0.228	0.038	0.231	0.038	0.223	Spectrum Read#1
E	0.223	0.039	0.229	0.038	0.234	0.037	0.230	0.038	0.239	0.040	0.232	0.038	Spectrum Read#1
F	0.039	0.229	0.037	0.228	0.038	0.227	0.040	0.228	0.038	0.229	0.038	0.222	Spectrum Read#1
G	0.222	0.038	0.223	0.038	0.228	0.038	0.259	0.037	0.221	0.038	0.229	0.038	Spectrum Read#1
H	0.038	0.229	0.037	0.228	0.043	0.227	0.039	0.226	0.037	0.226	0.038	0.222	Spectrum Read#1

Spectrum
Wavelength 2 (440 nm)
	1	2	3	4	5	6	7	8	9	10	11	12
A	0.218	0.036	0.216	0.035	0.213	0.036	0.218	0.036	0.215	0.036	0.216	0.036	Spectrum Read#2
B	0.035	0.209	0.036	0.209	0.036	0.214	0.036	0.216	0.036	0.208	0.037	0.215	Spectrum Read#2
C	0.214	0.037	0.212	0.036	0.217	0.036	0.204	0.037	0.217	0.036	0.214	0.036	Spectrum Read#2
D	0.036	0.213	0.036	0.213	0.036	0.213	0.036	0.213	0.036	0.216	0.036	0.209	Spectrum Read#2
E	0.209	0.037	0.214	0.036	0.218	0.036	0.214	0.036	0.224	0.038	0.217	0.036	Spectrum Read#2
F	0.037	0.213	0.035	0.213	0.036	0.212	0.037	0.213	0.036	0.214	0.037	0.208	Spectrum Read#2
G	0.207	0.037	0.209	0.036	0.214	0.036	0.245	0.036	0.207	0.036	0.212	0.036	Spectrum Read#2
H	0.037	0.215	0.036	0.213	0.041	0.213	0.036	0.211	0.035	0.212	0.036	0.207	Spectrum Read#2

Spectrum
Wavelength 3 (470 nm)
	1	2	3	4	5	6	7	8	9	10	11	12
A	0.210	0.036	0.210	0.035	0.212	0.036	0.213	0.036	0.209	0.035	0.209	0.036	Spectrum Read#3
B	0.035	0.207	0.035	0.211	0.035	0.211	0.036	0.215	0.036	0.206	0.036	0.213	Spectrum Read#3
C	0.213	0.036	0.202	0.035	0.212	0.036	0.202	0.036	0.213	0.035	0.212	0.035	Spectrum Read#3
D	0.036	0.209	0.035	0.208	0.036	0.216	0.035	0.210	0.035	0.214	0.035	0.208	Spectrum Read#3
E	0.207	0.037	0.213	0.035	0.214	0.036	0.210	0.035	0.221	0.038	0.211	0.035	Spectrum Read#3
F	0.036	0.209	0.035	0.212	0.035	0.210	0.036	0.215	0.035	0.211	0.035	0.204	Spectrum Read#3
G	0.203	0.036	0.204	0.036	0.211	0.035	0.246	0.035	0.212	0.035	0.206	0.035	Spectrum Read#3
H	0.036	0.211	0.036	0.210	0.040	0.212	0.035	0.208	0.034	0.211	0.035	0.205	Spectrum Read#3

Spectrum
Wavelength 4 (500 nm)
	1	2	3	4	5	6	7	8	9	10	11	12
A	0.230	0.035	0.233	0.034	0.241	0.035	0.237	0.036	0.229	0.035	0.230	0.035	Spectrum Read#4
B	0.035	0.235	0.035	0.245	0.035	0.238	0.035	0.245	0.035	0.234	0.036	0.241	Spectrum Read#4
C	0.243	0.035	0.218	0.035	0.237	0.035	0.229	0.035	0.239	0.035	0.240	0.035	Spectrum Read#4
D	0.035	0.234	0.034	0.231	0.035	0.251	0.035	0.235	0.035	0.243	0.035	0.239	Spectrum Read#4
E	0.236	0.036	0.241	0.035	0.239	0.035	0.233	0.035	0.249	0.037	0.234	0.035	Spectrum Read#4
F	0.036	0.235	0.035	0.240	0.035	0.239	0.036	0.249	0.035	0.236	0.035	0.228	Spectrum Read#4
G	0.230	0.034	0.227	0.035	0.238	0.034	0.273	0.035	0.250	0.034	0.227	0.035	Spectrum Read#4
H	0.035	0.235	0.035	0.237	0.039	0.242	0.035	0.234	0.034	0.239	0.035	0.231	Spectrum Read#4

Spectrum
Wavelength 5 (530 nm)
	1	2	3	4	5	6	7	8	9	10	11	12
A	0.262	0.035	0.267	0.034	0.278	0.035	0.271	0.036	0.261	0.034	0.261	0.035	Spectrum Read#5
B	0.035	0.272	0.035	0.285	0.035	0.274	0.035	0.284	0.035	0.270	0.036	0.277	Spectrum Read#5
C	0.281	0.035	0.246	0.035	0.271	0.035	0.263	0.035	0.273	0.035	0.276	0.035	Spectrum Read#5
D	0.035	0.269	0.035	0.264	0.035	0.292	0.035	0.271	0.035	0.281	0.035	0.277	Spectrum Read#5
E	0.273	0.036	0.279	0.035	0.274	0.035	0.267	0.035	0.288	0.037	0.267	0.035	Spectrum Read#5
F	0.036	0.270	0.035	0.279	0.035	0.276	0.036	0.290	0.035	0.270	0.035	0.263	Spectrum Read#5
G	0.265	0.034	0.260	0.035	0.275	0.034	0.311	0.035	0.294	0.035	0.259	0.035	Spectrum Read#5
H	0.035	0.269	0.035	0.273	0.039	0.280	0.036	0.269	0.034	0.276	0.036	0.266	Spectrum Read#5

Spectrum
Wavelength 6 (560 nm)
	1	2	3	4	5	6	7	8	9	10	11	12
A	0.275	0.035	0.277	0.034	0.282	0.035	0.279	0.035	0.272	0.034	0.272	0.035	Spectrum Read#6
B	0.034	0.279	0.034	0.286	0.034	0.281	0.035	0.287	0.035	0.275	0.036	0.282	Spectrum Read#6
C	0.284	0.035	0.262	0.034	0.280	0.035	0.268	0.035	0.281	0.035	0.281	0.035	Spectrum Read#6
D	0.035	0.277	0.035	0.275	0.035	0.291	0.035	0.278	0.035	0.286	0.035	0.280	Spectrum Read#6
E	0.278	0.035	0.284	0.035	0.283	0.034	0.277	0.035	0.296	0.036	0.278	0.035	Spectrum Read#6
F	0.036	0.279	0.035	0.284	0.035	0.282	0.036	0.291	0.035	0.278	0.034	0.271	Spectrum Read#6
G	0.272	0.034	0.269	0.035	0.282	0.035	0.313	0.035	0.290	0.035	0.271	0.035	Spectrum Read#6
H	0.035	0.278	0.035	0.281	0.039	0.284	0.036	0.277	0.034	0.280	0.036	0.274	Spectrum Read#6

Spectrum
Wavelength 7 (590 nm)
	1	2	3	4	5	6	7	8	9	10	11	12
A	0.282	0.035	0.275	0.034	0.261	0.034	0.274	0.035	0.277	0.034	0.276	0.035	Spectrum Read#7
B	0.034	0.264	0.034	0.253	0.034	0.267	0.034	0.265	0.035	0.255	0.035	0.267	Spectrum Read#7
C	0.262	0.034	0.279	0.034	0.273	0.034	0.252	0.035	0.270	0.034	0.266	0.034	Spectrum Read#7
D	0.035	0.270	0.034	0.275	0.034	0.254	0.035	0.268	0.034	0.267	0.035	0.256	Spectrum Read#7
E	0.262	0.035	0.268	0.035	0.276	0.034	0.274	0.034	0.282	0.036	0.278	0.035	Spectrum Read#7
F	0.036	0.271	0.035	0.265	0.035	0.264	0.036	0.257	0.035	0.269	0.034	0.264	Spectrum Read#7
G	0.260	0.035	0.265	0.035	0.268	0.035	0.297	0.034	0.245	0.035	0.277	0.034	Spectrum Read#7
H	0.035	0.271	0.035	0.270	0.039	0.262	0.036	0.268	0.033	0.261	0.036	0.263	Spectrum Read#7

Spectrum
Wavelength 8 (620 nm)
	1	2	3	4	5	6	7	8	9	10	11	12
A	0.261	0.034	0.251	0.033	0.229	0.034	0.248	0.034	0.255	0.033	0.254	0.034	Spectrum Read#8
B	0.034	0.233	0.034	0.215	0.034	0.237	0.034	0.230	0.034	0.224	0.034	0.237	Spectrum Read#8
C	0.228	0.034	0.263	0.034	0.247	0.034	0.222	0.035	0.242	0.034	0.235	0.034	Spectrum Read#8
D	0.033	0.243	0.034	0.250	0.034	0.213	0.035	0.240	0.034	0.235	0.035	0.222	Spectrum Read#8
E	0.230	0.034	0.237	0.034	0.249	0.033	0.249	0.034	0.251	0.035	0.255	0.034	Spectrum Read#8
F	0.035	0.244	0.034	0.232	0.034	0.232	0.036	0.218	0.034	0.241	0.034	0.237	Spectrum Read#8
G	0.232	0.035	0.240	0.034	0.238	0.035	0.266	0.033	0.201	0.035	0.256	0.034	Spectrum Read#8
H	0.034	0.245	0.034	0.242	0.038	0.229	0.035	0.241	0.033	0.229	0.035	0.235	Spectrum Read#8

Spectrum
Wavelength 9 (650 nm)
	1	2	3	4	5	6	7	8	9	10	11	12
A	0.381	0.034	0.362	0.033	0.320	0.034	0.355	0.034	0.370	0.033	0.367	0.034	Spectrum Read#9
B	0.033	0.335	0.034	0.300	0.033	0.338	0.033	0.323	0.034	0.317	0.034	0.335	Spectrum Read#9
C	0.320	0.034	0.388	0.034	0.354	0.034	0.313	0.035	0.344	0.034	0.334	0.034	Spectrum Read#9
D	0.034	0.351	0.034	0.364	0.034	0.293	0.035	0.343	0.034	0.332	0.035	0.311	Spectrum Read#9
E	0.328	0.034	0.336	0.033	0.357	0.033	0.360	0.033	0.360	0.035	0.369	0.034	Spectrum Read#9
F	0.034	0.350	0.034	0.329	0.034	0.330	0.036	0.302	0.034	0.345	0.034	0.341	Spectrum Read#9
G	0.333	0.035	0.347	0.034	0.340	0.035	0.365	0.033	0.274	0.035	0.373	0.033	Spectrum Read#9
H	0.034	0.352	0.033	0.346	0.038	0.324	0.034	0.345	0.032	0.324	0.034	0.337	Spectrum Read#9

Spectrum
Wavelength 10 (680 nm)
	1	2	3	4	5	6	7	8	9	10	11	12
A	0.122	0.033	0.119	0.033	0.112	0.033	0.118	0.034	0.120	0.033	0.120	0.034	Spectrum Read#10
B	0.033	0.112	0.033	0.105	0.033	0.113	0.033	0.111	0.033	0.109	0.033	0.115	Spectrum Read#10
C	0.109	0.033	0.125	0.033	0.119	0.033	0.108	0.034	0.118	0.033	0.113	0.033	Spectrum Read#10
D	0.033	0.116	0.033	0.118	0.033	0.104	0.034	0.116	0.034	0.113	0.034	0.108	Spectrum Read#10
E	0.110	0.033	0.116	0.033	0.120	0.033	0.120	0.033	0.120	0.034	0.121	0.033	Spectrum Read#10
F	0.034	0.116	0.034	0.112	0.033	0.111	0.035	0.107	0.033	0.117	0.034	0.113	Spectrum Read#10
G	0.113	0.035	0.114	0.033	0.114	0.034	0.142	0.033	0.100	0.035	0.120	0.033	Spectrum Read#10
H	0.033	0.118	0.033	0.116	0.037	0.111	0.033	0.116	0.032	0.112	0.033	0.114	Spectrum Read#10

