Spectrum
Wavelength 1 (530 nm)
	1	2	3	4	5	6	7	8	9	10	11	12
A	0.310	0.043	0.311	0.037	0.313	0.042	0.315	0.038	0.330	0.038	0.314	0.037	Spectrum Read#1
B	0.036	0.314	0.036	0.311	0.066	0.314	0.037	0.316	0.036	0.327	0.036	0.281	Spectrum Read#1
C	0.310	0.037	0.318	0.037	0.322	0.037	0.312	0.036	0.322	0.037	0.306	0.037	Spectrum Read#1
D	0.036	0.311	0.038	0.322	0.037	0.324	0.059	0.307	0.061	0.311	0.036	0.317	Spectrum Read#1
E	0.313	0.037	0.313	0.037	0.328	0.037	0.318	0.036	0.314	0.046	0.308	0.036	Spectrum Read#1
F	0.037	0.320	0.037	0.314	0.036	0.334	0.036	0.339	0.036	0.328	0.036	0.320	Spectrum Read#1
G	0.324	0.037	0.326	0.044	0.299	0.036	0.317	0.038	0.307	0.038	0.301	0.038	Spectrum Read#1
H	0.038	0.316	0.039	0.319	0.037	0.331	0.044	0.303	0.054	0.318	0.037	0.043	Spectrum Read#1

Spectrum
Wavelength 2 (545 nm)
	1	2	3	4	5	6	7	8	9	10	11	12
A	0.311	0.042	0.313	0.037	0.315	0.042	0.317	0.038	0.330	0.037	0.316	0.037	Spectrum Read#2
B	0.036	0.316	0.036	0.312	0.065	0.316	0.037	0.317	0.036	0.327	0.036	0.284	Spectrum Read#2
C	0.312	0.036	0.320	0.037	0.324	0.037	0.314	0.036	0.323	0.037	0.308	0.036	Spectrum Read#2
D	0.036	0.314	0.037	0.323	0.036	0.324	0.058	0.310	0.059	0.314	0.036	0.319	Spectrum Read#2
E	0.315	0.037	0.315	0.037	0.328	0.037	0.319	0.036	0.317	0.045	0.310	0.036	Spectrum Read#2
F	0.036	0.321	0.036	0.316	0.036	0.334	0.036	0.338	0.036	0.328	0.036	0.320	Spectrum Read#2
G	0.325	0.037	0.327	0.043	0.303	0.036	0.319	0.038	0.310	0.038	0.304	0.038	Spectrum Read#2
H	0.037	0.317	0.039	0.321	0.037	0.331	0.043	0.306	0.052	0.319	0.037	0.043	Spectrum Read#2

Spectrum
Wavelength 3 (560 nm)
	1	2	3	4	5	6	7	8	9	10	11	12
A	0.305	0.042	0.307	0.037	0.309	0.041	0.310	0.037	0.318	0.037	0.310	0.036	Spectrum Read#3
B	0.035	0.309	0.036	0.305	0.063	0.310	0.037	0.310	0.035	0.317	0.036	0.282	Spectrum Read#3
C	0.307	0.036	0.312	0.036	0.315	0.036	0.307	0.036	0.314	0.037	0.303	0.036	Spectrum Read#3
D	0.035	0.308	0.037	0.314	0.036	0.315	0.056	0.304	0.058	0.309	0.036	0.310	Spectrum Read#3
E	0.309	0.036	0.308	0.037	0.318	0.037	0.312	0.036	0.310	0.045	0.305	0.036	Spectrum Read#3
F	0.036	0.312	0.036	0.310	0.036	0.323	0.036	0.324	0.036	0.318	0.036	0.309	Spectrum Read#3
G	0.315	0.036	0.318	0.043	0.301	0.036	0.312	0.037	0.305	0.038	0.300	0.037	Spectrum Read#3
H	0.037	0.308	0.038	0.313	0.037	0.319	0.043	0.302	0.051	0.311	0.036	0.043	Spectrum Read#3

Spectrum
Wavelength 4 (575 nm)
	1	2	3	4	5	6	7	8	9	10	11	12
A	0.278	0.042	0.280	0.037	0.282	0.041	0.281	0.037	0.284	0.037	0.283	0.036	Spectrum Read#4
B	0.035	0.282	0.036	0.278	0.062	0.283	0.037	0.282	0.035	0.284	0.036	0.263	Spectrum Read#4
C	0.282	0.036	0.283	0.036	0.285	0.036	0.280	0.036	0.284	0.037	0.277	0.036	Spectrum Read#4
D	0.035	0.282	0.037	0.283	0.035	0.285	0.055	0.277	0.057	0.283	0.036	0.280	Spectrum Read#4
E	0.282	0.036	0.282	0.037	0.285	0.036	0.284	0.036	0.284	0.044	0.279	0.035	Spectrum Read#4
F	0.036	0.282	0.036	0.283	0.036	0.289	0.035	0.286	0.036	0.287	0.036	0.277	Spectrum Read#4
G	0.282	0.037	0.286	0.043	0.279	0.035	0.284	0.037	0.281	0.037	0.277	0.037	Spectrum Read#4
H	0.037	0.279	0.038	0.283	0.037	0.284	0.043	0.279	0.050	0.282	0.036	0.043	Spectrum Read#4

Spectrum
Wavelength 5 (590 nm)
	1	2	3	4	5	6	7	8	9	10	11	12
A	0.260	0.042	0.265	0.037	0.267	0.041	0.263	0.037	0.252	0.036	0.268	0.036	Spectrum Read#5
B	0.035	0.267	0.035	0.261	0.061	0.268	0.036	0.265	0.035	0.257	0.036	0.259	Spectrum Read#5
C	0.269	0.036	0.263	0.036	0.263	0.036	0.262	0.035	0.260	0.037	0.263	0.036	Spectrum Read#5
D	0.035	0.268	0.037	0.259	0.035	0.260	0.054	0.262	0.056	0.270	0.035	0.258	Spectrum Read#5
E	0.266	0.036	0.265	0.036	0.257	0.036	0.266	0.035	0.269	0.044	0.266	0.035	Spectrum Read#5
F	0.036	0.258	0.036	0.267	0.036	0.259	0.035	0.245	0.036	0.261	0.036	0.248	Spectrum Read#5
G	0.254	0.036	0.260	0.042	0.276	0.035	0.266	0.037	0.271	0.037	0.267	0.037	Spectrum Read#5
H	0.037	0.256	0.038	0.261	0.037	0.251	0.042	0.270	0.049	0.261	0.036	0.042	Spectrum Read#5

Spectrum
Wavelength 6 (605 nm)
	1	2	3	4	5	6	7	8	9	10	11	12
A	0.256	0.042	0.262	0.037	0.263	0.040	0.257	0.037	0.235	0.037	0.265	0.036	Spectrum Read#6
B	0.035	0.263	0.036	0.256	0.060	0.265	0.036	0.260	0.035	0.244	0.036	0.266	Spectrum Read#6
C	0.268	0.036	0.256	0.036	0.254	0.036	0.258	0.035	0.250	0.036	0.261	0.036	Spectrum Read#6
D	0.035	0.267	0.037	0.248	0.035	0.250	0.053	0.259	0.055	0.269	0.036	0.249	Spectrum Read#6
E	0.264	0.036	0.261	0.037	0.244	0.036	0.261	0.035	0.267	0.043	0.264	0.035	Spectrum Read#6
F	0.036	0.248	0.036	0.264	0.036	0.243	0.035	0.221	0.036	0.249	0.036	0.233	Spectrum Read#6
G	0.241	0.036	0.249	0.042	0.282	0.035	0.260	0.037	0.272	0.037	0.269	0.037	Spectrum Read#6
H	0.037	0.246	0.038	0.252	0.037	0.233	0.042	0.271	0.048	0.253	0.036	0.042	Spectrum Read#6

Spectrum
Wavelength 7 (620 nm)
	1	2	3	4	5	6	7	8	9	10	11	12
A	0.216	0.041	0.221	0.036	0.223	0.040	0.216	0.037	0.196	0.037	0.224	0.036	Spectrum Read#7
B	0.035	0.222	0.035	0.216	0.059	0.224	0.035	0.220	0.035	0.205	0.035	0.226	Spectrum Read#7
C	0.226	0.035	0.215	0.036	0.214	0.035	0.217	0.035	0.210	0.036	0.220	0.035	Spectrum Read#7
D	0.035	0.225	0.036	0.209	0.035	0.211	0.052	0.219	0.053	0.228	0.035	0.210	Spectrum Read#7
E	0.222	0.036	0.220	0.036	0.204	0.036	0.220	0.035	0.225	0.043	0.223	0.035	Spectrum Read#7
F	0.035	0.208	0.035	0.223	0.035	0.205	0.035	0.184	0.035	0.210	0.035	0.195	Spectrum Read#7
G	0.202	0.036	0.209	0.042	0.239	0.035	0.220	0.036	0.230	0.037	0.227	0.037	Spectrum Read#7
H	0.037	0.208	0.038	0.212	0.036	0.195	0.042	0.230	0.047	0.213	0.036	0.041	Spectrum Read#7

Spectrum
Wavelength 8 (635 nm)
	1	2	3	4	5	6	7	8	9	10	11	12
A	0.221	0.041	0.227	0.036	0.228	0.040	0.222	0.036	0.198	0.036	0.230	0.035	Spectrum Read#8
B	0.034	0.228	0.035	0.221	0.057	0.230	0.036	0.225	0.035	0.207	0.035	0.235	Spectrum Read#8
C	0.233	0.035	0.220	0.036	0.218	0.035	0.223	0.035	0.214	0.036	0.226	0.035	Spectrum Read#8
D	0.034	0.232	0.036	0.212	0.035	0.214	0.051	0.225	0.053	0.234	0.035	0.214	Spectrum Read#8
E	0.228	0.036	0.226	0.036	0.207	0.036	0.226	0.035	0.232	0.043	0.230	0.035	Spectrum Read#8
F	0.035	0.212	0.035	0.228	0.035	0.207	0.035	0.183	0.035	0.213	0.035	0.198	Spectrum Read#8
G	0.205	0.036	0.212	0.041	0.248	0.035	0.225	0.036	0.237	0.037	0.235	0.036	Spectrum Read#8
H	0.037	0.212	0.038	0.217	0.036	0.196	0.042	0.238	0.046	0.217	0.036	0.041	Spectrum Read#8

Spectrum
Wavelength 9 (650 nm)
	1	2	3	4	5	6	7	8	9	10	11	12
A	0.287	0.040	0.298	0.036	0.299	0.039	0.290	0.036	0.252	0.035	0.300	0.035	Spectrum Read#9
B	0.034	0.298	0.034	0.288	0.056	0.301	0.035	0.294	0.035	0.267	0.035	0.311	Spectrum Read#9
C	0.305	0.035	0.286	0.035	0.282	0.035	0.291	0.034	0.276	0.035	0.297	0.035	Spectrum Read#9
D	0.034	0.304	0.036	0.274	0.034	0.276	0.050	0.294	0.051	0.308	0.035	0.277	Spectrum Read#9
E	0.299	0.035	0.295	0.035	0.266	0.035	0.293	0.034	0.304	0.042	0.302	0.034	Spectrum Read#9
F	0.035	0.275	0.035	0.298	0.035	0.263	0.034	0.230	0.034	0.274	0.035	0.252	Spectrum Read#9
G	0.263	0.035	0.274	0.040	0.330	0.034	0.293	0.036	0.313	0.036	0.310	0.036	Spectrum Read#9
H	0.036	0.275	0.037	0.282	0.036	0.249	0.041	0.313	0.046	0.282	0.035	0.304	Spectrum Read#9

Spectrum
Wavelength 10 (665 nm)
	1	2	3	4	5	6	7	8	9	10	11	12
A	0.225	0.040	0.232	0.035	0.233	0.039	0.227	0.036	0.199	0.035	0.234	0.035	Spectrum Read#10
B	0.034	0.233	0.034	0.225	0.055	0.235	0.035	0.230	0.034	0.210	0.034	0.240	Spectrum Read#10
C	0.238	0.035	0.224	0.035	0.221	0.035	0.228	0.034	0.217	0.035	0.232	0.035	Spectrum Read#10
D	0.034	0.237	0.035	0.216	0.034	0.217	0.049	0.230	0.051	0.240	0.034	0.218	Spectrum Read#10
E	0.234	0.035	0.231	0.035	0.209	0.035	0.229	0.034	0.237	0.041	0.235	0.034	Spectrum Read#10
F	0.034	0.216	0.035	0.234	0.034	0.208	0.034	0.184	0.034	0.216	0.034	0.200	Spectrum Read#10
G	0.208	0.035	0.216	0.040	0.256	0.034	0.229	0.036	0.243	0.036	0.242	0.036	Spectrum Read#10
H	0.036	0.216	0.037	0.221	0.035	0.198	0.041	0.243	0.045	0.222	0.035	0.040	Spectrum Read#10

Spectrum
Wavelength 11 (680 nm)
	1	2	3	4	5	6	7	8	9	10	11	12
A	0.106	0.040	0.108	0.035	0.110	0.038	0.106	0.035	0.098	0.035	0.110	0.034	Spectrum Read#11
B	0.034	0.109	0.034	0.106	0.054	0.111	0.035	0.108	0.034	0.102	0.034	0.111	Spectrum Read#11
C	0.111	0.034	0.106	0.034	0.106	0.034	0.107	0.034	0.104	0.035	0.109	0.034	Spectrum Read#11
D	0.033	0.111	0.035	0.104	0.034	0.105	0.048	0.108	0.049	0.112	0.034	0.104	Spectrum Read#11
E	0.109	0.035	0.108	0.035	0.102	0.035	0.109	0.034	0.111	0.041	0.110	0.034	Spectrum Read#11
F	0.034	0.103	0.034	0.110	0.034	0.103	0.034	0.093	0.034	0.104	0.034	0.098	Spectrum Read#11
G	0.101	0.035	0.104	0.040	0.117	0.034	0.109	0.035	0.113	0.036	0.112	0.035	Spectrum Read#11
H	0.036	0.104	0.036	0.106	0.035	0.098	0.041	0.113	0.044	0.106	0.035	0.040	Spectrum Read#11

