Spectrum
Wavelength 1 (410 nm)
	1	2	3	4	5	6	7	8	9	10	11	12
A	0.232	0.044	0.231	0.038	0.230	0.038	0.239	0.044	0.230	0.038	0.228	0.044	Spectrum Read#1
B	0.042	0.233	0.038	0.234	0.038	0.232	0.038	0.240	0.038	0.229	0.040	0.240	Spectrum Read#1
C	0.229	0.039	0.233	0.040	0.228	0.038	0.239	0.038	0.231	0.038	0.231	0.039	Spectrum Read#1
D	0.054	0.228	0.038	0.229	0.038	0.224	0.038	0.237	0.038	0.226	0.041	0.231	Spectrum Read#1
E	0.227	0.041	0.227	0.042	0.231	0.039	0.231	0.038	0.227	0.040	0.226	0.040	Spectrum Read#1
F	0.039	0.222	0.038	0.227	0.040	0.227	0.038	0.230	0.040	0.232	0.040	0.234	Spectrum Read#1
G	0.225	0.039	0.227	0.038	0.226	0.038	0.229	0.038	0.228	0.038	0.231	0.044	Spectrum Read#1
H	0.038	0.236	0.041	0.223	0.039	0.234	0.038	0.223	0.038	0.229	0.039	0.226	Spectrum Read#1

Spectrum
Wavelength 2 (440 nm)
	1	2	3	4	5	6	7	8	9	10	11	12
A	0.218	0.043	0.218	0.036	0.216	0.037	0.226	0.042	0.217	0.036	0.214	0.042	Spectrum Read#2
B	0.041	0.219	0.036	0.219	0.036	0.217	0.036	0.225	0.036	0.215	0.038	0.226	Spectrum Read#2
C	0.215	0.038	0.218	0.039	0.213	0.037	0.224	0.036	0.217	0.036	0.216	0.037	Spectrum Read#2
D	0.052	0.213	0.036	0.215	0.036	0.210	0.036	0.222	0.036	0.211	0.039	0.216	Spectrum Read#2
E	0.212	0.039	0.212	0.041	0.216	0.037	0.216	0.037	0.213	0.038	0.210	0.039	Spectrum Read#2
F	0.037	0.207	0.037	0.212	0.038	0.212	0.036	0.215	0.038	0.216	0.038	0.219	Spectrum Read#2
G	0.211	0.038	0.213	0.037	0.211	0.037	0.214	0.036	0.213	0.037	0.216	0.043	Spectrum Read#2
H	0.037	0.221	0.040	0.208	0.038	0.218	0.037	0.210	0.036	0.214	0.037	0.211	Spectrum Read#2

Spectrum
Wavelength 3 (470 nm)
	1	2	3	4	5	6	7	8	9	10	11	12
A	0.217	0.042	0.218	0.036	0.218	0.036	0.225	0.041	0.218	0.035	0.210	0.041	Spectrum Read#3
B	0.040	0.214	0.035	0.214	0.035	0.215	0.035	0.221	0.035	0.212	0.037	0.222	Spectrum Read#3
C	0.212	0.037	0.212	0.038	0.209	0.036	0.219	0.035	0.213	0.035	0.211	0.036	Spectrum Read#3
D	0.051	0.208	0.035	0.213	0.035	0.212	0.036	0.216	0.035	0.207	0.038	0.211	Spectrum Read#3
E	0.208	0.038	0.208	0.040	0.211	0.036	0.212	0.036	0.211	0.037	0.205	0.038	Spectrum Read#3
F	0.036	0.205	0.036	0.206	0.037	0.208	0.036	0.212	0.037	0.210	0.037	0.213	Spectrum Read#3
G	0.206	0.037	0.212	0.036	0.210	0.036	0.211	0.035	0.210	0.036	0.212	0.042	Spectrum Read#3
H	0.036	0.216	0.039	0.206	0.036	0.211	0.036	0.207	0.035	0.207	0.037	0.206	Spectrum Read#3

Spectrum
Wavelength 4 (500 nm)
	1	2	3	4	5	6	7	8	9	10	11	12
A	0.248	0.041	0.250	0.035	0.254	0.036	0.258	0.040	0.254	0.035	0.235	0.040	Spectrum Read#4
B	0.040	0.240	0.035	0.237	0.035	0.246	0.035	0.249	0.035	0.240	0.036	0.247	Spectrum Read#4
C	0.239	0.036	0.236	0.037	0.235	0.035	0.244	0.035	0.239	0.035	0.235	0.036	Spectrum Read#4
D	0.051	0.234	0.035	0.244	0.035	0.248	0.035	0.239	0.035	0.232	0.038	0.235	Spectrum Read#4
E	0.233	0.038	0.234	0.039	0.236	0.036	0.238	0.035	0.241	0.036	0.228	0.037	Spectrum Read#4
F	0.036	0.233	0.035	0.229	0.037	0.232	0.035	0.239	0.036	0.232	0.037	0.238	Spectrum Read#4
G	0.230	0.037	0.242	0.035	0.241	0.036	0.238	0.035	0.237	0.035	0.237	0.041	Spectrum Read#4
H	0.035	0.240	0.038	0.235	0.036	0.231	0.036	0.233	0.035	0.229	0.036	0.229	Spectrum Read#4

Spectrum
Wavelength 5 (530 nm)
	1	2	3	4	5	6	7	8	9	10	11	12
A	0.285	0.041	0.288	0.035	0.294	0.036	0.295	0.040	0.294	0.035	0.269	0.040	Spectrum Read#5
B	0.040	0.274	0.035	0.270	0.035	0.282	0.035	0.284	0.035	0.275	0.037	0.281	Spectrum Read#5
C	0.274	0.037	0.268	0.037	0.269	0.035	0.278	0.035	0.273	0.035	0.268	0.035	Spectrum Read#5
D	0.051	0.267	0.035	0.281	0.035	0.287	0.035	0.272	0.035	0.265	0.038	0.267	Spectrum Read#5
E	0.266	0.038	0.268	0.039	0.270	0.036	0.273	0.035	0.277	0.036	0.261	0.037	Spectrum Read#5
F	0.036	0.267	0.035	0.261	0.036	0.266	0.035	0.275	0.036	0.263	0.036	0.270	Spectrum Read#5
G	0.263	0.037	0.277	0.035	0.278	0.035	0.272	0.035	0.272	0.035	0.271	0.041	Spectrum Read#5
H	0.035	0.273	0.038	0.271	0.036	0.262	0.035	0.267	0.035	0.260	0.036	0.261	Spectrum Read#5

Spectrum
Wavelength 6 (560 nm)
	1	2	3	4	5	6	7	8	9	10	11	12
A	0.289	0.041	0.291	0.035	0.294	0.036	0.297	0.040	0.293	0.035	0.277	0.040	Spectrum Read#6
B	0.040	0.283	0.035	0.280	0.035	0.286	0.035	0.291	0.035	0.280	0.037	0.288	Spectrum Read#6
C	0.280	0.037	0.277	0.037	0.276	0.035	0.287	0.035	0.280	0.035	0.277	0.036	Spectrum Read#6
D	0.051	0.276	0.035	0.285	0.035	0.287	0.035	0.281	0.035	0.274	0.038	0.276	Spectrum Read#6
E	0.275	0.038	0.276	0.039	0.279	0.036	0.280	0.035	0.281	0.036	0.271	0.037	Spectrum Read#6
F	0.036	0.274	0.035	0.272	0.037	0.274	0.035	0.281	0.036	0.274	0.036	0.278	Spectrum Read#6
G	0.273	0.037	0.281	0.035	0.281	0.035	0.278	0.035	0.279	0.035	0.278	0.041	Spectrum Read#6
H	0.036	0.283	0.038	0.277	0.036	0.273	0.035	0.273	0.035	0.271	0.036	0.271	Spectrum Read#6

Spectrum
Wavelength 7 (590 nm)
	1	2	3	4	5	6	7	8	9	10	11	12
A	0.267	0.041	0.263	0.035	0.258	0.035	0.270	0.039	0.256	0.035	0.268	0.039	Spectrum Read#7
B	0.039	0.274	0.035	0.276	0.034	0.264	0.034	0.277	0.034	0.265	0.036	0.279	Spectrum Read#7
C	0.265	0.036	0.274	0.037	0.267	0.035	0.281	0.034	0.268	0.034	0.271	0.035	Spectrum Read#7
D	0.051	0.269	0.034	0.264	0.034	0.252	0.035	0.278	0.035	0.268	0.037	0.272	Spectrum Read#7
E	0.268	0.037	0.267	0.038	0.272	0.035	0.270	0.035	0.261	0.036	0.270	0.037	Spectrum Read#7
F	0.036	0.260	0.035	0.270	0.036	0.267	0.035	0.267	0.035	0.275	0.036	0.273	Spectrum Read#7
G	0.267	0.036	0.260	0.035	0.258	0.035	0.264	0.035	0.265	0.035	0.268	0.041	Spectrum Read#7
H	0.035	0.278	0.038	0.259	0.036	0.278	0.035	0.260	0.034	0.273	0.036	0.268	Spectrum Read#7

Spectrum
Wavelength 8 (620 nm)
	1	2	3	4	5	6	7	8	9	10	11	12
A	0.233	0.041	0.226	0.035	0.217	0.035	0.233	0.039	0.215	0.035	0.240	0.039	Spectrum Read#8
B	0.039	0.245	0.035	0.250	0.034	0.229	0.034	0.246	0.034	0.234	0.036	0.251	Spectrum Read#8
C	0.234	0.036	0.248	0.036	0.239	0.035	0.253	0.034	0.239	0.035	0.245	0.035	Spectrum Read#8
D	0.051	0.241	0.034	0.230	0.034	0.212	0.035	0.252	0.034	0.241	0.037	0.246	Spectrum Read#8
E	0.241	0.037	0.239	0.038	0.244	0.035	0.241	0.034	0.228	0.035	0.245	0.037	Spectrum Read#8
F	0.035	0.230	0.034	0.245	0.036	0.240	0.034	0.236	0.035	0.251	0.036	0.247	Spectrum Read#8
G	0.240	0.036	0.227	0.034	0.224	0.035	0.234	0.034	0.234	0.035	0.240	0.041	Spectrum Read#8
H	0.036	0.252	0.038	0.227	0.036	0.256	0.035	0.232	0.035	0.250	0.035	0.244	Spectrum Read#8

Spectrum
Wavelength 9 (650 nm)
	1	2	3	4	5	6	7	8	9	10	11	12
A	0.325	0.040	0.315	0.034	0.298	0.035	0.320	0.038	0.293	0.034	0.342	0.038	Spectrum Read#9
B	0.038	0.349	0.034	0.357	0.034	0.320	0.033	0.345	0.034	0.330	0.035	0.353	Spectrum Read#9
C	0.330	0.035	0.354	0.036	0.341	0.034	0.359	0.034	0.338	0.034	0.349	0.034	Spectrum Read#9
D	0.050	0.345	0.034	0.323	0.034	0.291	0.034	0.359	0.034	0.346	0.037	0.351	Spectrum Read#9
E	0.344	0.037	0.342	0.037	0.350	0.034	0.342	0.034	0.319	0.035	0.354	0.036	Spectrum Read#9
F	0.035	0.327	0.034	0.354	0.035	0.344	0.034	0.335	0.034	0.361	0.035	0.351	Spectrum Read#9
G	0.344	0.035	0.317	0.034	0.313	0.034	0.329	0.034	0.333	0.034	0.341	0.040	Spectrum Read#9
H	0.035	0.357	0.037	0.321	0.035	0.369	0.034	0.327	0.034	0.360	0.035	0.348	Spectrum Read#9

Spectrum
Wavelength 10 (680 nm)
	1	2	3	4	5	6	7	8	9	10	11	12
A	0.118	0.039	0.115	0.033	0.108	0.034	0.121	0.038	0.110	0.033	0.118	0.038	Spectrum Read#10
B	0.038	0.121	0.033	0.125	0.033	0.114	0.033	0.126	0.033	0.116	0.035	0.131	Spectrum Read#10
C	0.117	0.035	0.122	0.035	0.118	0.033	0.127	0.033	0.119	0.033	0.122	0.034	Spectrum Read#10
D	0.049	0.119	0.033	0.114	0.033	0.107	0.033	0.126	0.033	0.118	0.036	0.123	Spectrum Read#10
E	0.118	0.036	0.118	0.037	0.121	0.034	0.121	0.033	0.114	0.034	0.119	0.035	Spectrum Read#10
F	0.034	0.117	0.033	0.120	0.035	0.119	0.033	0.117	0.033	0.123	0.034	0.125	Spectrum Read#10
G	0.118	0.035	0.113	0.033	0.113	0.033	0.117	0.033	0.116	0.033	0.121	0.039	Spectrum Read#10
H	0.034	0.128	0.036	0.114	0.035	0.126	0.033	0.115	0.034	0.123	0.034	0.121	Spectrum Read#10

