Spectrum
Wavelength 1 (410 nm)
	1	2	3	4	5	6	7	8	9	10	11	12
A	0.206	0.039	0.208	0.040	0.205	0.040	0.205	0.040	0.207	0.040	0.211	0.041	Spectrum Read#1
B	0.040	0.199	0.040	0.203	0.040	0.203	0.040	0.206	0.040	0.208	0.040	0.204	Spectrum Read#1
C	0.204	0.387	0.207	0.040	0.212	0.040	0.231	0.041	0.212	0.040	0.210	0.040	Spectrum Read#1
D	0.040	0.209	0.041	0.209	0.041	0.219	0.040	0.245	0.040	0.207	0.041	0.206	Spectrum Read#1
E	0.207	0.041	0.219	0.040	0.224	0.040	0.226	0.040	0.238	0.040	0.210	0.041	Spectrum Read#1
F	0.040	0.205	0.040	0.210	0.040	0.235	0.040	0.226	0.041	0.210	0.040	0.206	Spectrum Read#1
G	0.197	0.040	0.210	0.041	0.208	0.040	0.207	0.040	0.208	0.040	0.206	0.040	Spectrum Read#1
H	0.040	0.202	0.042	0.202	0.040	0.205	0.041	0.208	0.040	0.207	0.040	0.207	Spectrum Read#1

Spectrum
Wavelength 2 (440 nm)
	1	2	3	4	5	6	7	8	9	10	11	12
A	0.193	0.037	0.194	0.037	0.192	0.038	0.192	0.038	0.194	0.038	0.199	0.039	Spectrum Read#2
B	0.038	0.185	0.038	0.190	0.038	0.190	0.037	0.193	0.038	0.196	0.037	0.192	Spectrum Read#2
C	0.192	0.382	0.193	0.039	0.198	0.038	0.216	0.039	0.199	0.038	0.197	0.038	Spectrum Read#2
D	0.039	0.197	0.040	0.195	0.038	0.205	0.038	0.229	0.039	0.196	0.039	0.193	Spectrum Read#2
E	0.195	0.038	0.205	0.038	0.209	0.038	0.211	0.038	0.221	0.038	0.196	0.039	Spectrum Read#2
F	0.038	0.192	0.039	0.196	0.038	0.220	0.038	0.211	0.038	0.197	0.037	0.193	Spectrum Read#2
G	0.183	0.037	0.196	0.038	0.195	0.038	0.193	0.039	0.194	0.037	0.193	0.037	Spectrum Read#2
H	0.038	0.188	0.040	0.190	0.038	0.191	0.039	0.194	0.039	0.193	0.038	0.194	Spectrum Read#2

Spectrum
Wavelength 3 (470 nm)
	1	2	3	4	5	6	7	8	9	10	11	12
A	0.190	0.036	0.191	0.037	0.190	0.036	0.191	0.036	0.194	0.038	0.197	0.038	Spectrum Read#3
B	0.038	0.185	0.038	0.192	0.037	0.191	0.036	0.195	0.038	0.192	0.037	0.192	Spectrum Read#3
C	0.193	0.369	0.188	0.037	0.193	0.037	0.210	0.037	0.197	0.036	0.191	0.038	Spectrum Read#3
D	0.039	0.193	0.038	0.191	0.037	0.202	0.036	0.223	0.039	0.194	0.037	0.187	Spectrum Read#3
E	0.191	0.036	0.201	0.036	0.204	0.036	0.208	0.039	0.217	0.038	0.190	0.037	Spectrum Read#3
F	0.037	0.189	0.038	0.194	0.039	0.214	0.037	0.208	0.037	0.189	0.037	0.188	Spectrum Read#3
G	0.179	0.036	0.190	0.038	0.190	0.038	0.187	0.038	0.190	0.036	0.188	0.036	Spectrum Read#3
H	0.037	0.186	0.039	0.191	0.036	0.185	0.038	0.186	0.038	0.186	0.037	0.188	Spectrum Read#3

Spectrum
Wavelength 4 (500 nm)
	1	2	3	4	5	6	7	8	9	10	11	12
A	0.215	0.036	0.214	0.036	0.215	0.036	0.217	0.036	0.222	0.038	0.225	0.038	Spectrum Read#4
B	0.038	0.212	0.038	0.222	0.037	0.221	0.036	0.227	0.037	0.216	0.038	0.219	Spectrum Read#4
C	0.222	0.362	0.210	0.036	0.213	0.036	0.230	0.036	0.223	0.036	0.210	0.038	Spectrum Read#4
D	0.038	0.214	0.036	0.213	0.037	0.228	0.036	0.245	0.037	0.220	0.036	0.206	Spectrum Read#4
E	0.214	0.036	0.220	0.037	0.223	0.036	0.232	0.037	0.241	0.037	0.210	0.036	Spectrum Read#4
F	0.037	0.214	0.036	0.223	0.036	0.236	0.036	0.228	0.038	0.205	0.037	0.208	Spectrum Read#4
G	0.200	0.036	0.209	0.037	0.207	0.036	0.205	0.036	0.209	0.036	0.210	0.036	Spectrum Read#4
H	0.037	0.213	0.037	0.221	0.036	0.201	0.037	0.203	0.037	0.205	0.036	0.207	Spectrum Read#4

Spectrum
Wavelength 5 (530 nm)
	1	2	3	4	5	6	7	8	9	10	11	12
A	0.247	0.037	0.245	0.037	0.246	0.035	0.249	0.036	0.255	0.038	0.259	0.038	Spectrum Read#5
B	0.038	0.244	0.037	0.256	0.036	0.256	0.036	0.263	0.037	0.246	0.038	0.252	Spectrum Read#5
C	0.256	0.354	0.240	0.036	0.241	0.036	0.257	0.036	0.257	0.037	0.239	0.038	Spectrum Read#5
D	0.038	0.243	0.036	0.241	0.037	0.259	0.036	0.273	0.036	0.252	0.036	0.234	Spectrum Read#5
E	0.244	0.037	0.245	0.038	0.251	0.036	0.263	0.036	0.270	0.036	0.239	0.036	Spectrum Read#5
F	0.037	0.246	0.036	0.257	0.036	0.266	0.036	0.256	0.038	0.232	0.037	0.236	Spectrum Read#5
G	0.228	0.036	0.237	0.036	0.235	0.036	0.232	0.036	0.237	0.036	0.239	0.036	Spectrum Read#5
H	0.037	0.244	0.037	0.254	0.036	0.228	0.036	0.230	0.037	0.232	0.036	0.235	Spectrum Read#5

Spectrum
Wavelength 6 (560 nm)
	1	2	3	4	5	6	7	8	9	10	11	12
A	0.254	0.037	0.253	0.037	0.253	0.036	0.254	0.036	0.259	0.038	0.262	0.038	Spectrum Read#6
B	0.038	0.249	0.037	0.258	0.037	0.257	0.036	0.263	0.036	0.253	0.038	0.255	Spectrum Read#6
C	0.258	0.357	0.250	0.037	0.249	0.036	0.264	0.036	0.262	0.038	0.249	0.038	Spectrum Read#6
D	0.038	0.252	0.036	0.249	0.037	0.262	0.036	0.277	0.036	0.256	0.037	0.244	Spectrum Read#6
E	0.251	0.037	0.253	0.037	0.261	0.036	0.267	0.036	0.274	0.036	0.249	0.036	Spectrum Read#6
F	0.038	0.252	0.036	0.259	0.037	0.272	0.036	0.263	0.038	0.245	0.037	0.246	Spectrum Read#6
G	0.237	0.036	0.247	0.037	0.247	0.037	0.244	0.038	0.247	0.036	0.248	0.036	Spectrum Read#6
H	0.037	0.249	0.037	0.256	0.037	0.241	0.037	0.243	0.037	0.243	0.036	0.245	Spectrum Read#6

Spectrum
Wavelength 7 (590 nm)
	1	2	3	4	5	6	7	8	9	10	11	12
A	0.245	0.038	0.248	0.037	0.241	0.036	0.238	0.036	0.239	0.038	0.242	0.038	Spectrum Read#7
B	0.038	0.233	0.036	0.232	0.036	0.232	0.035	0.232	0.036	0.245	0.037	0.237	Spectrum Read#7
C	0.235	0.355	0.248	0.037	0.245	0.036	0.259	0.037	0.245	0.038	0.252	0.037	Spectrum Read#7
D	0.037	0.248	0.037	0.247	0.036	0.244	0.036	0.268	0.037	0.239	0.038	0.247	Spectrum Read#7
E	0.243	0.038	0.250	0.036	0.259	0.036	0.253	0.037	0.261	0.036	0.252	0.036	Spectrum Read#7
F	0.038	0.242	0.037	0.238	0.038	0.262	0.036	0.256	0.036	0.255	0.036	0.248	Spectrum Read#7
G	0.234	0.036	0.252	0.038	0.250	0.037	0.249	0.038	0.249	0.036	0.245	0.036	Spectrum Read#7
H	0.037	0.234	0.036	0.231	0.038	0.249	0.038	0.254	0.036	0.247	0.036	0.250	Spectrum Read#7

Spectrum
Wavelength 8 (620 nm)
	1	2	3	4	5	6	7	8	9	10	11	12
A	0.219	0.037	0.225	0.037	0.215	0.035	0.210	0.035	0.209	0.038	0.213	0.038	Spectrum Read#8
B	0.037	0.204	0.035	0.199	0.035	0.199	0.035	0.196	0.035	0.220	0.037	0.207	Spectrum Read#8
C	0.203	0.352	0.226	0.037	0.222	0.036	0.235	0.036	0.216	0.038	0.231	0.037	Spectrum Read#8
D	0.036	0.225	0.038	0.225	0.036	0.214	0.035	0.242	0.037	0.211	0.038	0.226	Spectrum Read#8
E	0.218	0.037	0.229	0.035	0.236	0.035	0.225	0.037	0.234	0.037	0.232	0.035	Spectrum Read#8
F	0.038	0.216	0.037	0.207	0.038	0.236	0.036	0.231	0.035	0.238	0.036	0.228	Spectrum Read#8
G	0.212	0.035	0.232	0.038	0.230	0.036	0.229	0.037	0.228	0.035	0.223	0.035	Spectrum Read#8
H	0.037	0.206	0.036	0.199	0.038	0.231	0.037	0.238	0.036	0.228	0.035	0.231	Spectrum Read#8

Spectrum
Wavelength 9 (650 nm)
	1	2	3	4	5	6	7	8	9	10	11	12
A	0.310	0.037	0.320	0.036	0.304	0.035	0.295	0.035	0.292	0.037	0.294	0.037	Spectrum Read#9
B	0.036	0.286	0.035	0.276	0.035	0.276	0.035	0.269	0.034	0.314	0.035	0.289	Spectrum Read#9
C	0.282	0.352	0.323	0.037	0.312	0.035	0.326	0.036	0.300	0.037	0.330	0.036	Spectrum Read#9
D	0.036	0.323	0.037	0.322	0.035	0.296	0.035	0.332	0.037	0.295	0.037	0.326	Spectrum Read#9
E	0.311	0.037	0.321	0.035	0.331	0.035	0.310	0.037	0.322	0.037	0.331	0.035	Spectrum Read#9
F	0.037	0.306	0.037	0.287	0.036	0.326	0.035	0.320	0.035	0.343	0.035	0.326	Spectrum Read#9
G	0.303	0.035	0.335	0.037	0.328	0.035	0.329	0.036	0.326	0.035	0.318	0.035	Spectrum Read#9
H	0.036	0.289	0.035	0.275	0.037	0.334	0.036	0.343	0.035	0.328	0.035	0.330	Spectrum Read#9

Spectrum
Wavelength 10 (680 nm)
	1	2	3	4	5	6	7	8	9	10	11	12
A	0.110	0.036	0.113	0.036	0.108	0.034	0.105	0.034	0.106	0.036	0.110	0.036	Spectrum Read#10
B	0.035	0.104	0.034	0.100	0.034	0.101	0.034	0.101	0.034	0.109	0.034	0.104	Spectrum Read#10
C	0.102	0.352	0.114	0.037	0.116	0.035	0.125	0.035	0.112	0.036	0.117	0.035	Spectrum Read#10
D	0.034	0.114	0.037	0.114	0.035	0.113	0.034	0.132	0.037	0.109	0.036	0.112	Spectrum Read#10
E	0.108	0.035	0.122	0.034	0.122	0.034	0.118	0.035	0.127	0.037	0.115	0.034	Spectrum Read#10
F	0.037	0.108	0.037	0.107	0.035	0.125	0.034	0.120	0.035	0.119	0.034	0.114	Spectrum Read#10
G	0.106	0.034	0.116	0.035	0.113	0.034	0.113	0.034	0.114	0.034	0.111	0.034	Spectrum Read#10
H	0.036	0.103	0.034	0.101	0.037	0.114	0.035	0.119	0.034	0.113	0.034	0.115	Spectrum Read#10

