Spectrum
Wavelength 1 (410 nm)
	1	2	3	4	5	6	7	8	9	10	11	12
A	0.255	0.042	0.252	0.041	0.248	0.055	0.255	0.042	0.253	0.042	0.250	0.041	Spectrum Read#1
B	0.041	0.253	0.041	0.257	0.041	0.254	0.042	0.253	0.041	0.253	0.042	0.251	Spectrum Read#1
C	0.252	0.042	0.257	0.042	0.256	0.042	0.267	0.042	0.252	0.043	0.251	0.042	Spectrum Read#1
D	0.041	0.241	0.041	0.257	0.041	0.257	0.042	0.260	0.042	0.251	0.041	0.249	Spectrum Read#1
E	0.254	0.041	0.260	0.041	0.254	0.042	0.253	0.052	0.254	0.076	0.255	0.041	Spectrum Read#1
F	0.043	0.247	0.042	0.249	0.042	0.257	0.043	0.252	0.042	0.250	0.042	0.247	Spectrum Read#1
G	0.253	0.044	0.249	0.041	0.252	0.043	0.253	0.042	0.248	0.042	0.236	0.041	Spectrum Read#1
H	0.042	0.253	0.041	0.256	0.044	0.245	0.056	0.247	0.043	0.247	0.042	0.246	Spectrum Read#1

Spectrum
Wavelength 2 (440 nm)
	1	2	3	4	5	6	7	8	9	10	11	12
A	0.240	0.040	0.237	0.038	0.235	0.052	0.241	0.038	0.239	0.039	0.236	0.038	Spectrum Read#2
B	0.038	0.239	0.038	0.242	0.038	0.239	0.039	0.238	0.039	0.238	0.039	0.236	Spectrum Read#2
C	0.238	0.039	0.242	0.039	0.240	0.040	0.251	0.039	0.238	0.040	0.237	0.039	Spectrum Read#2
D	0.038	0.238	0.039	0.242	0.038	0.242	0.038	0.244	0.039	0.236	0.038	0.234	Spectrum Read#2
E	0.240	0.038	0.244	0.038	0.238	0.039	0.238	0.050	0.239	0.072	0.239	0.038	Spectrum Read#2
F	0.040	0.234	0.039	0.235	0.039	0.241	0.040	0.238	0.039	0.236	0.039	0.233	Spectrum Read#2
G	0.238	0.042	0.235	0.039	0.237	0.040	0.239	0.039	0.235	0.039	0.234	0.038	Spectrum Read#2
H	0.040	0.238	0.038	0.241	0.041	0.232	0.052	0.233	0.040	0.233	0.039	0.232	Spectrum Read#2

Spectrum
Wavelength 3 (470 nm)
	1	2	3	4	5	6	7	8	9	10	11	12
A	0.243	0.038	0.242	0.037	0.243	0.050	0.245	0.037	0.246	0.038	0.241	0.036	Spectrum Read#3
B	0.037	0.249	0.037	0.243	0.037	0.243	0.037	0.240	0.037	0.237	0.037	0.238	Spectrum Read#3
C	0.245	0.037	0.249	0.037	0.243	0.038	0.251	0.038	0.240	0.038	0.242	0.037	Spectrum Read#3
D	0.037	0.275	0.037	0.247	0.037	0.248	0.037	0.245	0.037	0.241	0.037	0.237	Spectrum Read#3
E	0.245	0.037	0.246	0.037	0.242	0.037	0.242	0.047	0.238	0.067	0.241	0.036	Spectrum Read#3
F	0.038	0.247	0.037	0.244	0.037	0.238	0.038	0.244	0.037	0.242	0.037	0.238	Spectrum Read#3
G	0.241	0.040	0.244	0.037	0.241	0.038	0.244	0.037	0.245	0.038	0.270	0.037	Spectrum Read#3
H	0.039	0.242	0.037	0.241	0.040	0.237	0.049	0.240	0.038	0.238	0.037	0.236	Spectrum Read#3

Spectrum
Wavelength 4 (500 nm)
	1	2	3	4	5	6	7	8	9	10	11	12
A	0.287	0.037	0.288	0.036	0.293	0.048	0.289	0.036	0.295	0.037	0.286	0.036	Spectrum Read#4
B	0.036	0.302	0.036	0.283	0.036	0.287	0.037	0.281	0.036	0.275	0.037	0.280	Spectrum Read#4
C	0.294	0.037	0.300	0.036	0.286	0.037	0.289	0.037	0.282	0.038	0.287	0.036	Spectrum Read#4
D	0.036	0.358	0.036	0.292	0.036	0.295	0.036	0.285	0.037	0.287	0.036	0.279	Spectrum Read#4
E	0.291	0.036	0.287	0.036	0.286	0.036	0.286	0.045	0.274	0.064	0.281	0.036	Spectrum Read#4
F	0.037	0.304	0.037	0.295	0.036	0.272	0.037	0.291	0.036	0.290	0.037	0.285	Spectrum Read#4
G	0.285	0.039	0.295	0.036	0.284	0.037	0.290	0.036	0.297	0.037	0.350	0.036	Spectrum Read#4
H	0.038	0.287	0.036	0.279	0.039	0.284	0.048	0.288	0.038	0.282	0.036	0.278	Spectrum Read#4

Spectrum
Wavelength 5 (530 nm)
	1	2	3	4	5	6	7	8	9	10	11	12
A	0.331	0.037	0.334	0.036	0.342	0.046	0.334	0.036	0.342	0.036	0.331	0.035	Spectrum Read#5
B	0.036	0.352	0.036	0.326	0.036	0.332	0.036	0.324	0.036	0.315	0.036	0.323	Spectrum Read#5
C	0.342	0.036	0.349	0.036	0.331	0.037	0.331	0.036	0.326	0.037	0.334	0.036	Spectrum Read#5
D	0.036	0.423	0.036	0.339	0.036	0.341	0.036	0.327	0.036	0.333	0.036	0.322	Spectrum Read#5
E	0.338	0.036	0.330	0.036	0.332	0.036	0.332	0.044	0.314	0.061	0.324	0.035	Spectrum Read#5
F	0.036	0.357	0.036	0.344	0.036	0.312	0.037	0.339	0.036	0.338	0.036	0.332	Spectrum Read#5
G	0.329	0.039	0.345	0.036	0.330	0.037	0.336	0.036	0.347	0.036	0.413	0.036	Spectrum Read#5
H	0.038	0.332	0.036	0.321	0.039	0.330	0.046	0.336	0.037	0.328	0.036	0.322	Spectrum Read#5

Spectrum
Wavelength 6 (560 nm)
	1	2	3	4	5	6	7	8	9	10	11	12
A	0.324	0.036	0.326	0.035	0.329	0.045	0.326	0.035	0.330	0.036	0.323	0.035	Spectrum Read#6
B	0.035	0.337	0.035	0.322	0.035	0.325	0.036	0.319	0.035	0.314	0.035	0.318	Spectrum Read#6
C	0.331	0.036	0.337	0.035	0.325	0.036	0.328	0.036	0.321	0.037	0.325	0.035	Spectrum Read#6
D	0.035	0.364	0.035	0.331	0.035	0.332	0.035	0.324	0.036	0.324	0.035	0.317	Spectrum Read#6
E	0.329	0.036	0.326	0.035	0.325	0.035	0.325	0.043	0.314	0.059	0.320	0.035	Spectrum Read#6
F	0.036	0.338	0.036	0.332	0.035	0.314	0.036	0.329	0.035	0.327	0.036	0.322	Spectrum Read#6
G	0.323	0.038	0.331	0.036	0.323	0.036	0.327	0.036	0.332	0.035	0.356	0.035	Spectrum Read#6
H	0.037	0.325	0.035	0.319	0.038	0.321	0.046	0.326	0.037	0.320	0.036	0.316	Spectrum Read#6

Spectrum
Wavelength 7 (590 nm)
	1	2	3	4	5	6	7	8	9	10	11	12
A	0.275	0.036	0.271	0.035	0.260	0.044	0.274	0.035	0.266	0.036	0.269	0.035	Spectrum Read#7
B	0.035	0.263	0.035	0.282	0.035	0.275	0.036	0.277	0.036	0.282	0.036	0.274	Spectrum Read#7
C	0.268	0.036	0.271	0.035	0.277	0.036	0.294	0.036	0.276	0.037	0.271	0.035	Spectrum Read#7
D	0.035	0.180	0.035	0.279	0.035	0.274	0.035	0.284	0.036	0.269	0.035	0.271	Spectrum Read#7
E	0.272	0.035	0.283	0.035	0.275	0.035	0.275	0.043	0.285	0.056	0.282	0.035	Spectrum Read#7
F	0.036	0.252	0.036	0.262	0.035	0.291	0.036	0.269	0.035	0.266	0.036	0.264	Spectrum Read#7
G	0.275	0.038	0.261	0.035	0.274	0.036	0.271	0.035	0.258	0.036	0.176	0.035	Spectrum Read#7
H	0.037	0.273	0.035	0.285	0.038	0.264	0.045	0.265	0.037	0.267	0.036	0.267	Spectrum Read#7

Spectrum
Wavelength 8 (620 nm)
	1	2	3	4	5	6	7	8	9	10	11	12
A	0.227	0.036	0.220	0.035	0.203	0.043	0.224	0.035	0.211	0.036	0.219	0.035	Spectrum Read#8
B	0.035	0.203	0.035	0.238	0.035	0.226	0.036	0.232	0.035	0.242	0.035	0.228	Spectrum Read#8
C	0.213	0.035	0.214	0.035	0.230	0.036	0.252	0.035	0.229	0.037	0.220	0.035	Spectrum Read#8
D	0.035	0.067	0.035	0.228	0.035	0.221	0.035	0.240	0.035	0.218	0.035	0.225	Spectrum Read#8
E	0.220	0.035	0.237	0.035	0.227	0.035	0.226	0.042	0.246	0.054	0.238	0.035	Spectrum Read#8
F	0.035	0.187	0.035	0.204	0.035	0.254	0.036	0.215	0.035	0.212	0.035	0.212	Spectrum Read#8
G	0.227	0.038	0.203	0.035	0.225	0.036	0.220	0.035	0.199	0.035	0.067	0.035	Spectrum Read#8
H	0.037	0.224	0.035	0.243	0.038	0.213	0.044	0.211	0.037	0.217	0.036	0.221	Spectrum Read#8

Spectrum
Wavelength 9 (650 nm)
	1	2	3	4	5	6	7	8	9	10	11	12
A	0.300	0.035	0.289	0.034	0.260	0.042	0.293	0.034	0.271	0.035	0.286	0.034	Spectrum Read#9
B	0.034	0.257	0.034	0.320	0.034	0.300	0.035	0.310	0.035	0.328	0.035	0.304	Spectrum Read#9
C	0.274	0.035	0.276	0.034	0.304	0.035	0.338	0.035	0.305	0.036	0.289	0.034	Spectrum Read#9
D	0.034	0.046	0.034	0.301	0.034	0.287	0.034	0.322	0.035	0.284	0.034	0.299	Spectrum Read#9
E	0.288	0.034	0.316	0.034	0.300	0.034	0.299	0.041	0.336	0.052	0.321	0.034	Spectrum Read#9
F	0.035	0.229	0.035	0.261	0.034	0.350	0.035	0.280	0.034	0.274	0.035	0.276	Spectrum Read#9
G	0.301	0.037	0.259	0.034	0.299	0.035	0.286	0.034	0.250	0.035	0.047	0.034	Spectrum Read#9
H	0.036	0.294	0.034	0.328	0.037	0.279	0.042	0.274	0.036	0.285	0.035	0.290	Spectrum Read#9

Spectrum
Wavelength 10 (680 nm)
	1	2	3	4	5	6	7	8	9	10	11	12
A	0.112	0.035	0.107	0.034	0.101	0.041	0.111	0.034	0.105	0.034	0.107	0.033	Spectrum Read#10
B	0.034	0.101	0.034	0.116	0.034	0.111	0.034	0.114	0.034	0.118	0.034	0.112	Spectrum Read#10
C	0.104	0.034	0.106	0.034	0.114	0.035	0.125	0.034	0.113	0.035	0.109	0.034	Spectrum Read#10
D	0.033	0.040	0.034	0.111	0.034	0.110	0.034	0.118	0.034	0.108	0.034	0.111	Spectrum Read#10
E	0.109	0.034	0.117	0.034	0.112	0.034	0.110	0.040	0.119	0.050	0.117	0.034	Spectrum Read#10
F	0.034	0.093	0.034	0.101	0.034	0.123	0.034	0.107	0.034	0.104	0.034	0.104	Spectrum Read#10
G	0.112	0.036	0.101	0.034	0.110	0.035	0.109	0.034	0.099	0.034	0.041	0.033	Spectrum Read#10
H	0.036	0.110	0.034	0.120	0.037	0.105	0.041	0.106	0.036	0.108	0.034	0.110	Spectrum Read#10

