Spectrum
Wavelength 1 (590 nm)
	1	2	3	4	5	6	7	8	9	10	11	12
A	0.284	0.036	0.281	0.036	0.267	0.038	0.268	0.037	0.265	0.036	0.272	0.041	Spectrum Read#1
B	0.036	0.273	0.036	0.271	0.036	0.279	0.036	0.265	0.041	0.272	0.037	0.267	Spectrum Read#1
C	0.282	0.036	0.267	0.037	0.270	0.039	0.262	0.051	0.272	0.058	0.268	0.036	Spectrum Read#1
D	0.036	0.191	0.036	0.275	0.035	0.276	0.046	0.274	0.036	0.277	0.036	0.265	Spectrum Read#1
E	0.286	0.035	0.272	0.040	0.274	0.037	0.269	0.039	0.275	0.036	0.275	0.036	Spectrum Read#1
F	0.035	0.264	0.040	0.277	0.051	0.280	0.056	0.189	0.036	0.274	0.036	0.266	Spectrum Read#1
G	0.268	0.036	0.277	0.036	0.277	0.036	0.273	0.043	0.274	0.036	0.271	0.036	Spectrum Read#1
H	0.050	0.262	0.036	0.278	0.036	0.239	0.046	0.271	0.039	0.264	0.037	0.040	Spectrum Read#1

Spectrum
Wavelength 2 (620 nm)
	1	2	3	4	5	6	7	8	9	10	11	12
A	0.241	0.036	0.231	0.036	0.207	0.037	0.208	0.037	0.203	0.036	0.215	0.041	Spectrum Read#2
B	0.036	0.216	0.035	0.213	0.035	0.227	0.036	0.202	0.040	0.214	0.037	0.211	Spectrum Read#2
C	0.237	0.036	0.205	0.037	0.211	0.039	0.205	0.050	0.217	0.057	0.209	0.036	Spectrum Read#2
D	0.036	0.076	0.036	0.223	0.036	0.223	0.045	0.221	0.035	0.226	0.035	0.207	Spectrum Read#2
E	0.241	0.035	0.216	0.039	0.221	0.037	0.210	0.039	0.222	0.036	0.223	0.036	Spectrum Read#2
F	0.035	0.203	0.039	0.226	0.050	0.230	0.053	0.073	0.036	0.222	0.036	0.209	Spectrum Read#2
G	0.213	0.036	0.225	0.036	0.226	0.035	0.220	0.043	0.223	0.036	0.217	0.035	Spectrum Read#2
H	0.049	0.205	0.035	0.233	0.036	0.159	0.045	0.220	0.038	0.205	0.037	0.039	Spectrum Read#2

Spectrum
Wavelength 3 (650 nm)
	1	2	3	4	5	6	7	8	9	10	11	12
A	0.325	0.035	0.305	0.035	0.262	0.036	0.264	0.036	0.255	0.035	0.275	0.039	Spectrum Read#3
B	0.034	0.280	0.034	0.272	0.035	0.297	0.035	0.253	0.039	0.273	0.036	0.271	Spectrum Read#3
C	0.315	0.035	0.259	0.036	0.270	0.037	0.262	0.048	0.280	0.054	0.267	0.035	Spectrum Read#3
D	0.035	0.056	0.035	0.290	0.034	0.292	0.044	0.288	0.035	0.296	0.035	0.262	Spectrum Read#3
E	0.322	0.034	0.279	0.038	0.287	0.036	0.268	0.038	0.289	0.035	0.292	0.035	Spectrum Read#3
F	0.034	0.257	0.038	0.296	0.048	0.303	0.051	0.052	0.035	0.289	0.035	0.267	Spectrum Read#3
G	0.274	0.035	0.295	0.035	0.295	0.035	0.287	0.041	0.293	0.035	0.281	0.034	Spectrum Read#3
H	0.047	0.261	0.035	0.313	0.035	0.177	0.043	0.289	0.037	0.262	0.036	0.258	Spectrum Read#3

Spectrum
Wavelength 4 (680 nm)
	1	2	3	4	5	6	7	8	9	10	11	12
A	0.117	0.035	0.113	0.034	0.102	0.036	0.102	0.035	0.100	0.035	0.105	0.039	Spectrum Read#4
B	0.034	0.106	0.034	0.105	0.034	0.111	0.034	0.100	0.038	0.105	0.035	0.104	Spectrum Read#4
C	0.116	0.035	0.101	0.035	0.104	0.037	0.102	0.046	0.106	0.052	0.104	0.035	Spectrum Read#4
D	0.034	0.045	0.034	0.109	0.034	0.110	0.043	0.109	0.034	0.110	0.034	0.102	Spectrum Read#4
E	0.117	0.034	0.106	0.037	0.108	0.036	0.104	0.037	0.109	0.035	0.109	0.035	Spectrum Read#4
F	0.034	0.101	0.037	0.110	0.046	0.112	0.050	0.043	0.035	0.109	0.034	0.104	Spectrum Read#4
G	0.105	0.035	0.111	0.034	0.111	0.034	0.108	0.041	0.110	0.034	0.107	0.034	Spectrum Read#4
H	0.046	0.102	0.034	0.114	0.035	0.080	0.042	0.109	0.037	0.102	0.036	0.038	Spectrum Read#4

