Spectrum
Wavelength 1 (590 nm)
	1	2	3	4	5	6	7	8	9	10	11	12
A	0.288	0.037	0.283	0.036	0.294	0.038	0.287	0.036	0.277	0.037	0.289	0.036	Spectrum Read#1
B	0.037	0.284	0.036	0.278	0.036	0.291	0.036	0.278	0.059	0.288	0.036	0.281	Spectrum Read#1
C	0.280	0.037	0.283	0.040	0.288	0.042	0.279	0.036	0.292	0.036	0.275	0.036	Spectrum Read#1
D	0.045	0.184	0.036	0.281	0.036	0.279	0.059	0.284	0.036	0.285	0.036	0.280	Spectrum Read#1
E	0.282	0.036	0.278	0.046	0.280	0.038	0.278	0.036	0.287	0.038	0.283	0.036	Spectrum Read#1
F	0.036	0.278	0.036	0.278	0.036	0.282	0.036	0.185	0.036	0.289	0.036	0.284	Spectrum Read#1
G	0.290	0.037	0.282	0.037	0.276	0.036	0.279	0.036	0.279	0.036	0.274	0.036	Spectrum Read#1
H	0.037	0.280	0.036	0.280	0.037	0.249	0.036	0.268	0.036	0.277	0.037	0.037	Spectrum Read#1

Spectrum
Wavelength 2 (620 nm)
	1	2	3	4	5	6	7	8	9	10	11	12
A	0.245	0.036	0.234	0.035	0.253	0.037	0.241	0.036	0.232	0.036	0.250	0.036	Spectrum Read#2
B	0.036	0.240	0.035	0.229	0.036	0.247	0.035	0.224	0.056	0.242	0.035	0.241	Spectrum Read#2
C	0.237	0.036	0.237	0.039	0.245	0.040	0.231	0.035	0.252	0.036	0.224	0.036	Spectrum Read#2
D	0.043	0.070	0.035	0.234	0.035	0.230	0.056	0.237	0.035	0.235	0.035	0.232	Spectrum Read#2
E	0.235	0.035	0.227	0.045	0.231	0.037	0.226	0.035	0.241	0.037	0.241	0.035	Spectrum Read#2
F	0.035	0.231	0.035	0.227	0.035	0.236	0.035	0.069	0.035	0.243	0.035	0.243	Spectrum Read#2
G	0.249	0.036	0.231	0.036	0.226	0.035	0.226	0.035	0.228	0.035	0.220	0.035	Spectrum Read#2
H	0.037	0.234	0.036	0.233	0.037	0.179	0.036	0.216	0.035	0.231	0.036	0.037	Spectrum Read#2

Spectrum
Wavelength 3 (650 nm)
	1	2	3	4	5	6	7	8	9	10	11	12
A	0.331	0.035	0.312	0.035	0.344	0.036	0.323	0.035	0.311	0.035	0.341	0.035	Spectrum Read#3
B	0.035	0.322	0.034	0.302	0.035	0.333	0.035	0.289	0.054	0.325	0.034	0.326	Spectrum Read#3
C	0.317	0.035	0.317	0.038	0.331	0.039	0.305	0.035	0.344	0.035	0.294	0.035	Spectrum Read#3
D	0.042	0.048	0.034	0.311	0.034	0.302	0.054	0.315	0.035	0.311	0.035	0.309	Spectrum Read#3
E	0.312	0.034	0.298	0.043	0.304	0.037	0.295	0.035	0.323	0.036	0.325	0.034	Spectrum Read#3
F	0.034	0.308	0.034	0.298	0.034	0.317	0.034	0.047	0.034	0.325	0.034	0.327	Spectrum Read#3
G	0.339	0.035	0.305	0.035	0.298	0.034	0.290	0.034	0.299	0.034	0.284	0.034	Spectrum Read#3
H	0.036	0.313	0.035	0.311	0.036	0.212	0.035	0.283	0.035	0.308	0.035	0.297	Spectrum Read#3

Spectrum
Wavelength 4 (680 nm)
	1	2	3	4	5	6	7	8	9	10	11	12
A	0.119	0.035	0.114	0.034	0.123	0.036	0.117	0.035	0.114	0.035	0.121	0.035	Spectrum Read#4
B	0.035	0.117	0.034	0.112	0.034	0.119	0.034	0.113	0.052	0.117	0.034	0.117	Spectrum Read#4
C	0.115	0.035	0.115	0.038	0.119	0.039	0.113	0.034	0.122	0.034	0.110	0.035	Spectrum Read#4
D	0.041	0.041	0.034	0.114	0.034	0.112	0.051	0.115	0.034	0.115	0.034	0.114	Spectrum Read#4
E	0.115	0.034	0.110	0.042	0.113	0.036	0.111	0.034	0.117	0.036	0.117	0.034	Spectrum Read#4
F	0.034	0.113	0.034	0.111	0.034	0.115	0.034	0.041	0.034	0.118	0.034	0.118	Spectrum Read#4
G	0.121	0.035	0.113	0.035	0.111	0.034	0.115	0.034	0.112	0.034	0.110	0.034	Spectrum Read#4
H	0.036	0.116	0.034	0.115	0.036	0.090	0.035	0.107	0.034	0.113	0.035	0.035	Spectrum Read#4

