Spectrum
Wavelength 1 (530 nm)
	1	2	3	4	5	6	7	8	9	10	11	12
A	0.338	0.035	0.333	0.035	0.329	0.035	0.337	0.036	0.338	0.035	0.339	0.035	Spectrum Read#1
B	0.035	0.357	0.035	0.356	0.035	0.342	0.035	0.339	0.035	0.342	0.035	0.333	Spectrum Read#1
C	0.329	0.035	0.341	0.035	0.348	0.035	0.344	0.035	0.336	0.035	0.327	0.035	Spectrum Read#1
D	0.035	0.353	0.035	0.342	0.035	0.366	0.035	0.348	0.035	0.335	0.035	0.334	Spectrum Read#1
E	0.351	0.035	0.333	0.035	0.347	0.035	0.347	0.036	0.338	0.035	0.345	0.035	Spectrum Read#1
F	0.035	0.338	0.035	0.342	0.035	0.372	0.035	0.344	0.036	0.345	0.036	0.331	Spectrum Read#1
G	0.338	0.036	0.329	0.035	0.351	0.036	0.370	0.035	0.351	0.035	0.336	0.035	Spectrum Read#1
H	0.035	0.338	0.035	0.340	0.035	0.345	0.035	0.321	0.035	0.336	0.036	0.323	Spectrum Read#1

Spectrum
Wavelength 2 (545 nm)
	1	2	3	4	5	6	7	8	9	10	11	12
A	0.340	0.035	0.336	0.035	0.332	0.035	0.340	0.036	0.339	0.035	0.341	0.035	Spectrum Read#2
B	0.035	0.357	0.035	0.357	0.035	0.344	0.035	0.341	0.035	0.343	0.035	0.335	Spectrum Read#2
C	0.332	0.035	0.343	0.035	0.350	0.035	0.346	0.035	0.339	0.035	0.330	0.035	Spectrum Read#2
D	0.035	0.353	0.035	0.343	0.035	0.365	0.035	0.350	0.035	0.336	0.035	0.336	Spectrum Read#2
E	0.351	0.035	0.336	0.035	0.349	0.035	0.348	0.035	0.339	0.035	0.345	0.035	Spectrum Read#2
F	0.035	0.340	0.035	0.344	0.035	0.372	0.035	0.345	0.036	0.346	0.036	0.333	Spectrum Read#2
G	0.340	0.035	0.332	0.035	0.352	0.035	0.370	0.035	0.352	0.035	0.337	0.035	Spectrum Read#2
H	0.035	0.340	0.035	0.342	0.035	0.346	0.035	0.325	0.035	0.338	0.035	0.326	Spectrum Read#2

Spectrum
Wavelength 3 (560 nm)
	1	2	3	4	5	6	7	8	9	10	11	12
A	0.334	0.035	0.332	0.035	0.328	0.035	0.334	0.036	0.331	0.035	0.333	0.035	Spectrum Read#3
B	0.034	0.345	0.035	0.345	0.035	0.337	0.035	0.335	0.035	0.334	0.035	0.330	Spectrum Read#3
C	0.328	0.035	0.337	0.035	0.343	0.035	0.338	0.035	0.333	0.035	0.326	0.035	Spectrum Read#3
D	0.035	0.341	0.035	0.335	0.035	0.353	0.035	0.343	0.035	0.327	0.035	0.328	Spectrum Read#3
E	0.340	0.035	0.331	0.035	0.342	0.035	0.341	0.035	0.330	0.035	0.335	0.035	Spectrum Read#3
F	0.035	0.332	0.035	0.335	0.035	0.362	0.035	0.337	0.035	0.336	0.036	0.327	Spectrum Read#3
G	0.332	0.035	0.327	0.035	0.340	0.035	0.356	0.035	0.342	0.035	0.329	0.035	Spectrum Read#3
H	0.035	0.331	0.035	0.333	0.035	0.335	0.035	0.320	0.035	0.329	0.035	0.319	Spectrum Read#3

Spectrum
Wavelength 4 (575 nm)
	1	2	3	4	5	6	7	8	9	10	11	12
A	0.305	0.035	0.307	0.035	0.301	0.035	0.306	0.036	0.299	0.035	0.302	0.035	Spectrum Read#4
B	0.035	0.308	0.035	0.310	0.035	0.307	0.035	0.305	0.035	0.303	0.035	0.302	Spectrum Read#4
C	0.302	0.035	0.307	0.035	0.315	0.035	0.307	0.035	0.305	0.035	0.301	0.035	Spectrum Read#4
D	0.035	0.304	0.035	0.304	0.035	0.317	0.035	0.313	0.035	0.296	0.035	0.298	Spectrum Read#4
E	0.304	0.035	0.305	0.035	0.312	0.035	0.310	0.035	0.298	0.035	0.302	0.035	Spectrum Read#4
F	0.035	0.301	0.035	0.301	0.035	0.328	0.035	0.307	0.035	0.302	0.035	0.298	Spectrum Read#4
G	0.301	0.035	0.299	0.035	0.304	0.035	0.318	0.035	0.307	0.035	0.298	0.035	Spectrum Read#4
H	0.035	0.299	0.035	0.300	0.035	0.300	0.035	0.293	0.035	0.297	0.035	0.291	Spectrum Read#4

Spectrum
Wavelength 5 (590 nm)
	1	2	3	4	5	6	7	8	9	10	11	12
A	0.289	0.035	0.297	0.035	0.289	0.035	0.291	0.036	0.276	0.035	0.281	0.035	Spectrum Read#5
B	0.035	0.275	0.035	0.279	0.035	0.290	0.035	0.288	0.035	0.281	0.035	0.288	Spectrum Read#5
C	0.290	0.035	0.290	0.035	0.299	0.035	0.287	0.035	0.290	0.035	0.292	0.035	Spectrum Read#5
D	0.034	0.271	0.034	0.281	0.035	0.283	0.035	0.294	0.035	0.274	0.035	0.279	Spectrum Read#5
E	0.272	0.035	0.293	0.035	0.292	0.035	0.289	0.035	0.274	0.035	0.273	0.035	Spectrum Read#5
F	0.035	0.279	0.035	0.276	0.035	0.300	0.035	0.286	0.035	0.275	0.036	0.280	Spectrum Read#5
G	0.280	0.035	0.284	0.035	0.271	0.035	0.280	0.035	0.278	0.035	0.276	0.035	Spectrum Read#5
H	0.035	0.274	0.035	0.275	0.035	0.268	0.035	0.278	0.035	0.274	0.035	0.274	Spectrum Read#5

Spectrum
Wavelength 6 (605 nm)
	1	2	3	4	5	6	7	8	9	10	11	12
A	0.287	0.035	0.300	0.035	0.290	0.035	0.290	0.036	0.267	0.035	0.274	0.035	Spectrum Read#6
B	0.035	0.257	0.035	0.264	0.035	0.286	0.035	0.284	0.035	0.272	0.035	0.286	Spectrum Read#6
C	0.291	0.035	0.285	0.035	0.296	0.035	0.281	0.035	0.287	0.035	0.295	0.035	Spectrum Read#6
D	0.035	0.253	0.035	0.273	0.035	0.265	0.035	0.290	0.035	0.265	0.035	0.273	Spectrum Read#6
E	0.256	0.035	0.294	0.035	0.285	0.035	0.282	0.035	0.264	0.035	0.260	0.035	Spectrum Read#6
F	0.035	0.271	0.035	0.265	0.035	0.287	0.035	0.280	0.035	0.261	0.035	0.275	Spectrum Read#6
G	0.272	0.035	0.282	0.035	0.254	0.035	0.259	0.035	0.264	0.035	0.267	0.035	Spectrum Read#6
H	0.035	0.264	0.035	0.263	0.035	0.252	0.035	0.276	0.035	0.264	0.035	0.269	Spectrum Read#6

Spectrum
Wavelength 7 (620 nm)
	1	2	3	4	5	6	7	8	9	10	11	12
A	0.242	0.034	0.254	0.034	0.244	0.034	0.245	0.035	0.224	0.034	0.231	0.034	Spectrum Read#7
B	0.034	0.214	0.034	0.222	0.034	0.241	0.034	0.240	0.034	0.229	0.034	0.242	Spectrum Read#7
C	0.246	0.034	0.241	0.034	0.251	0.034	0.236	0.034	0.243	0.034	0.250	0.034	Spectrum Read#7
D	0.034	0.211	0.034	0.230	0.034	0.224	0.035	0.245	0.034	0.223	0.035	0.230	Spectrum Read#7
E	0.214	0.034	0.249	0.034	0.241	0.034	0.239	0.035	0.222	0.035	0.218	0.034	Spectrum Read#7
F	0.034	0.228	0.034	0.222	0.034	0.244	0.034	0.237	0.035	0.219	0.035	0.232	Spectrum Read#7
G	0.229	0.035	0.238	0.034	0.212	0.035	0.218	0.034	0.222	0.035	0.225	0.034	Spectrum Read#7
H	0.035	0.222	0.035	0.221	0.034	0.210	0.035	0.232	0.034	0.221	0.034	0.227	Spectrum Read#7

Spectrum
Wavelength 8 (635 nm)
	1	2	3	4	5	6	7	8	9	10	11	12
A	0.247	0.034	0.261	0.034	0.252	0.034	0.251	0.035	0.228	0.034	0.236	0.034	Spectrum Read#8
B	0.034	0.216	0.034	0.224	0.034	0.246	0.034	0.245	0.034	0.233	0.034	0.248	Spectrum Read#8
C	0.253	0.034	0.246	0.034	0.256	0.034	0.241	0.034	0.248	0.034	0.257	0.034	Spectrum Read#8
D	0.034	0.212	0.034	0.234	0.034	0.224	0.034	0.250	0.034	0.227	0.035	0.234	Spectrum Read#8
E	0.215	0.034	0.256	0.034	0.246	0.034	0.243	0.035	0.225	0.035	0.221	0.034	Spectrum Read#8
F	0.034	0.233	0.034	0.226	0.034	0.246	0.034	0.241	0.035	0.222	0.035	0.237	Spectrum Read#8
G	0.233	0.035	0.244	0.034	0.214	0.034	0.218	0.034	0.225	0.034	0.229	0.034	Spectrum Read#8
H	0.035	0.226	0.034	0.225	0.035	0.213	0.035	0.239	0.034	0.226	0.035	0.233	Spectrum Read#8

Spectrum
Wavelength 9 (650 nm)
	1	2	3	4	5	6	7	8	9	10	11	12
A	0.324	0.034	0.345	0.034	0.333	0.034	0.329	0.035	0.296	0.034	0.306	0.034	Spectrum Read#9
B	0.034	0.276	0.034	0.285	0.034	0.321	0.034	0.319	0.034	0.302	0.034	0.325	Spectrum Read#9
C	0.333	0.034	0.320	0.034	0.332	0.034	0.313	0.034	0.325	0.034	0.338	0.034	Spectrum Read#9
D	0.034	0.273	0.034	0.303	0.034	0.283	0.034	0.324	0.034	0.293	0.034	0.305	Spectrum Read#9
E	0.276	0.034	0.336	0.034	0.319	0.034	0.314	0.034	0.291	0.034	0.284	0.034	Spectrum Read#9
F	0.034	0.303	0.034	0.293	0.034	0.310	0.034	0.312	0.034	0.285	0.034	0.311	Spectrum Read#9
G	0.304	0.034	0.321	0.034	0.274	0.034	0.272	0.034	0.287	0.035	0.297	0.034	Spectrum Read#9
H	0.035	0.293	0.034	0.290	0.034	0.274	0.034	0.315	0.034	0.293	0.034	0.304	Spectrum Read#9

Spectrum
Wavelength 10 (665 nm)
	1	2	3	4	5	6	7	8	9	10	11	12
A	0.254	0.034	0.269	0.034	0.260	0.034	0.258	0.034	0.234	0.033	0.241	0.034	Spectrum Read#10
B	0.033	0.219	0.034	0.227	0.034	0.252	0.033	0.251	0.034	0.238	0.034	0.255	Spectrum Read#10
C	0.260	0.034	0.252	0.034	0.263	0.034	0.247	0.034	0.256	0.034	0.264	0.033	Spectrum Read#10
D	0.033	0.216	0.034	0.239	0.034	0.227	0.034	0.256	0.034	0.231	0.034	0.240	Spectrum Read#10
E	0.220	0.034	0.263	0.034	0.252	0.034	0.248	0.034	0.230	0.034	0.225	0.033	Spectrum Read#10
F	0.034	0.238	0.034	0.232	0.034	0.250	0.034	0.246	0.034	0.226	0.034	0.244	Spectrum Read#10
G	0.239	0.034	0.252	0.034	0.218	0.034	0.220	0.034	0.229	0.034	0.234	0.034	Spectrum Read#10
H	0.034	0.232	0.034	0.230	0.034	0.218	0.034	0.247	0.034	0.232	0.034	0.240	Spectrum Read#10

Spectrum
Wavelength 11 (680 nm)
	1	2	3	4	5	6	7	8	9	10	11	12
A	0.118	0.034	0.125	0.034	0.119	0.034	0.120	0.034	0.111	0.033	0.114	0.033	Spectrum Read#11
B	0.033	0.106	0.034	0.113	0.033	0.119	0.033	0.119	0.033	0.113	0.033	0.119	Spectrum Read#11
C	0.120	0.034	0.121	0.034	0.128	0.034	0.118	0.034	0.121	0.034	0.123	0.033	Spectrum Read#11
D	0.033	0.105	0.034	0.116	0.034	0.116	0.034	0.124	0.034	0.112	0.034	0.114	Spectrum Read#11
E	0.106	0.033	0.123	0.033	0.123	0.034	0.120	0.034	0.112	0.034	0.110	0.034	Spectrum Read#11
F	0.033	0.113	0.034	0.111	0.034	0.131	0.034	0.119	0.034	0.110	0.034	0.115	Spectrum Read#11
G	0.113	0.034	0.117	0.034	0.108	0.034	0.116	0.034	0.114	0.034	0.112	0.033	Spectrum Read#11
H	0.034	0.111	0.034	0.112	0.034	0.106	0.034	0.116	0.034	0.111	0.034	0.115	Spectrum Read#11

