Spectrum
Wavelength 1 (410 nm)
	1	2	3	4	5	6	7	8	9	10	11	12
A	0.249	0.043	0.237	0.043	0.247	0.043	0.250	0.042	0.240	0.042	0.249	0.041	Spectrum Read#1
B	0.043	0.249	0.044	0.246	0.041	0.242	0.198	0.248	0.042	0.244	0.042	0.240	Spectrum Read#1
C	0.243	0.045	0.242	0.042	0.245	0.045	0.245	0.044	0.237	0.042	0.236	0.042	Spectrum Read#1
D	0.042	0.242	0.043	0.247	0.042	0.248	0.043	0.254	0.047	0.262	0.041	0.267	Spectrum Read#1
E	0.251	0.043	0.245	0.043	0.243	0.044	0.255	0.094	0.255	0.042	0.234	0.042	Spectrum Read#1
F	0.043	0.243	0.045	0.240	0.043	0.244	0.050	0.244	0.043	0.235	0.042	0.231	Spectrum Read#1
G	0.247	0.048	0.236	0.043	0.239	0.043	0.245	0.042	0.245	0.042	0.234	0.042	Spectrum Read#1
H	0.043	0.249	0.042	0.244	0.043	0.248	0.051	0.245	0.047	0.236	0.042	0.232	Spectrum Read#1

Spectrum
Wavelength 2 (440 nm)
	1	2	3	4	5	6	7	8	9	10	11	12
A	0.233	0.041	0.222	0.040	0.231	0.040	0.234	0.039	0.224	0.040	0.234	0.038	Spectrum Read#2
B	0.040	0.233	0.041	0.231	0.038	0.227	0.198	0.233	0.038	0.229	0.038	0.226	Spectrum Read#2
C	0.227	0.041	0.226	0.039	0.230	0.042	0.229	0.041	0.223	0.039	0.221	0.039	Spectrum Read#2
D	0.039	0.226	0.039	0.231	0.039	0.233	0.039	0.238	0.044	0.245	0.038	0.251	Spectrum Read#2
E	0.235	0.039	0.229	0.040	0.227	0.041	0.238	0.087	0.238	0.038	0.219	0.039	Spectrum Read#2
F	0.040	0.227	0.042	0.224	0.040	0.228	0.046	0.228	0.041	0.219	0.038	0.216	Spectrum Read#2
G	0.231	0.045	0.221	0.039	0.222	0.040	0.229	0.038	0.228	0.040	0.220	0.039	Spectrum Read#2
H	0.040	0.233	0.038	0.229	0.040	0.232	0.047	0.228	0.044	0.222	0.039	0.217	Spectrum Read#2

Spectrum
Wavelength 3 (470 nm)
	1	2	3	4	5	6	7	8	9	10	11	12
A	0.232	0.040	0.223	0.039	0.232	0.039	0.233	0.038	0.223	0.039	0.236	0.037	Spectrum Read#3
B	0.039	0.238	0.040	0.235	0.037	0.225	0.195	0.235	0.037	0.232	0.038	0.235	Spectrum Read#3
C	0.226	0.040	0.227	0.038	0.229	0.041	0.230	0.040	0.226	0.038	0.225	0.038	Spectrum Read#3
D	0.038	0.222	0.038	0.232	0.038	0.240	0.038	0.244	0.042	0.248	0.037	0.253	Spectrum Read#3
E	0.237	0.038	0.231	0.038	0.228	0.040	0.237	0.081	0.239	0.037	0.226	0.038	Spectrum Read#3
F	0.038	0.229	0.041	0.226	0.039	0.225	0.044	0.228	0.039	0.221	0.038	0.220	Spectrum Read#3
G	0.231	0.044	0.224	0.038	0.220	0.039	0.229	0.037	0.229	0.038	0.224	0.038	Spectrum Read#3
H	0.040	0.234	0.038	0.233	0.039	0.232	0.045	0.228	0.042	0.223	0.038	0.218	Spectrum Read#3

Spectrum
Wavelength 4 (500 nm)
	1	2	3	4	5	6	7	8	9	10	11	12
A	0.267	0.039	0.260	0.038	0.269	0.038	0.267	0.037	0.256	0.038	0.277	0.036	Spectrum Read#4
B	0.038	0.282	0.039	0.279	0.036	0.258	0.194	0.274	0.037	0.273	0.037	0.287	Spectrum Read#4
C	0.261	0.039	0.264	0.037	0.262	0.040	0.265	0.038	0.264	0.037	0.264	0.037	Spectrum Read#4
D	0.037	0.250	0.037	0.270	0.037	0.288	0.037	0.289	0.041	0.288	0.037	0.293	Spectrum Read#4
E	0.277	0.037	0.270	0.037	0.264	0.039	0.272	0.076	0.277	0.036	0.271	0.037	Spectrum Read#4
F	0.037	0.268	0.040	0.264	0.038	0.255	0.043	0.265	0.038	0.259	0.037	0.260	Spectrum Read#4
G	0.267	0.042	0.261	0.037	0.249	0.038	0.263	0.036	0.266	0.037	0.262	0.037	Spectrum Read#4
H	0.039	0.272	0.037	0.274	0.038	0.268	0.044	0.264	0.042	0.260	0.037	0.253	Spectrum Read#4

Spectrum
Wavelength 5 (530 nm)
	1	2	3	4	5	6	7	8	9	10	11	12
A	0.308	0.038	0.300	0.038	0.311	0.037	0.308	0.036	0.295	0.038	0.320	0.036	Spectrum Read#5
B	0.037	0.329	0.038	0.325	0.036	0.297	0.190	0.317	0.036	0.317	0.036	0.337	Spectrum Read#5
C	0.301	0.038	0.305	0.036	0.301	0.039	0.305	0.038	0.305	0.036	0.306	0.036	Spectrum Read#5
D	0.037	0.286	0.036	0.312	0.037	0.336	0.037	0.335	0.040	0.332	0.036	0.337	Spectrum Read#5
E	0.320	0.037	0.313	0.037	0.304	0.038	0.313	0.072	0.319	0.036	0.317	0.036	Spectrum Read#5
F	0.036	0.310	0.039	0.306	0.037	0.292	0.042	0.307	0.037	0.300	0.036	0.302	Spectrum Read#5
G	0.309	0.041	0.303	0.037	0.286	0.037	0.303	0.036	0.307	0.037	0.304	0.036	Spectrum Read#5
H	0.038	0.315	0.036	0.319	0.038	0.309	0.043	0.306	0.041	0.300	0.037	0.293	Spectrum Read#5

Spectrum
Wavelength 6 (560 nm)
	1	2	3	4	5	6	7	8	9	10	11	12
A	0.311	0.038	0.300	0.037	0.312	0.037	0.311	0.036	0.298	0.038	0.318	0.036	Spectrum Read#6
B	0.037	0.324	0.038	0.320	0.036	0.301	0.193	0.315	0.036	0.315	0.036	0.325	Spectrum Read#6
C	0.303	0.038	0.305	0.036	0.304	0.038	0.306	0.037	0.302	0.036	0.304	0.036	Spectrum Read#6
D	0.037	0.293	0.036	0.313	0.036	0.328	0.036	0.329	0.040	0.328	0.036	0.333	Spectrum Read#6
E	0.319	0.037	0.312	0.037	0.304	0.038	0.316	0.068	0.319	0.036	0.309	0.036	Spectrum Read#6
F	0.037	0.309	0.039	0.305	0.037	0.297	0.042	0.308	0.038	0.299	0.036	0.298	Spectrum Read#6
G	0.311	0.041	0.302	0.037	0.291	0.037	0.305	0.036	0.309	0.037	0.300	0.036	Spectrum Read#6
H	0.038	0.315	0.036	0.315	0.038	0.311	0.043	0.308	0.040	0.300	0.037	0.294	Spectrum Read#6

Spectrum
Wavelength 7 (590 nm)
	1	2	3	4	5	6	7	8	9	10	11	12
A	0.286	0.038	0.268	0.037	0.284	0.037	0.287	0.036	0.276	0.037	0.278	0.036	Spectrum Read#7
B	0.037	0.277	0.038	0.273	0.036	0.280	0.193	0.279	0.036	0.274	0.036	0.257	Spectrum Read#7
C	0.277	0.038	0.272	0.036	0.280	0.038	0.278	0.038	0.263	0.036	0.265	0.036	Spectrum Read#7
D	0.037	0.284	0.036	0.281	0.037	0.269	0.036	0.276	0.040	0.285	0.036	0.294	Spectrum Read#7
E	0.281	0.037	0.276	0.037	0.273	0.038	0.292	0.065	0.285	0.036	0.255	0.036	Spectrum Read#7
F	0.036	0.273	0.039	0.270	0.037	0.283	0.042	0.278	0.037	0.265	0.036	0.255	Spectrum Read#7
G	0.284	0.040	0.266	0.036	0.278	0.037	0.280	0.036	0.279	0.037	0.261	0.036	Spectrum Read#7
H	0.039	0.284	0.036	0.274	0.038	0.284	0.042	0.281	0.040	0.268	0.037	0.266	Spectrum Read#7

Spectrum
Wavelength 8 (620 nm)
	1	2	3	4	5	6	7	8	9	10	11	12
A	0.248	0.037	0.228	0.037	0.244	0.036	0.250	0.036	0.240	0.037	0.234	0.035	Spectrum Read#8
B	0.037	0.228	0.037	0.225	0.035	0.245	0.192	0.237	0.035	0.229	0.035	0.199	Spectrum Read#8
C	0.239	0.038	0.232	0.036	0.243	0.038	0.239	0.037	0.220	0.035	0.222	0.036	Spectrum Read#8
D	0.036	0.254	0.036	0.240	0.036	0.216	0.036	0.225	0.039	0.239	0.035	0.250	Spectrum Read#8
E	0.238	0.036	0.233	0.036	0.234	0.037	0.255	0.062	0.243	0.035	0.205	0.035	Spectrum Read#8
F	0.036	0.230	0.037	0.228	0.036	0.251	0.041	0.237	0.037	0.224	0.035	0.211	Spectrum Read#8
G	0.244	0.040	0.224	0.036	0.246	0.036	0.243	0.035	0.239	0.036	0.218	0.035	Spectrum Read#8
H	0.038	0.243	0.035	0.228	0.037	0.246	0.041	0.242	0.040	0.229	0.036	0.227	Spectrum Read#8

Spectrum
Wavelength 9 (650 nm)
	1	2	3	4	5	6	7	8	9	10	11	12
A	0.344	0.036	0.313	0.036	0.336	0.036	0.346	0.035	0.334	0.036	0.316	0.034	Spectrum Read#9
B	0.036	0.306	0.036	0.303	0.035	0.342	0.192	0.322	0.035	0.311	0.035	0.257	Spectrum Read#9
C	0.331	0.037	0.316	0.035	0.335	0.037	0.329	0.036	0.296	0.035	0.302	0.035	Spectrum Read#9
D	0.035	0.359	0.035	0.330	0.035	0.283	0.035	0.298	0.038	0.319	0.035	0.331	Spectrum Read#9
E	0.323	0.035	0.318	0.035	0.319	0.037	0.352	0.060	0.331	0.034	0.270	0.035	Spectrum Read#9
F	0.035	0.313	0.037	0.312	0.035	0.351	0.040	0.327	0.036	0.307	0.035	0.283	Spectrum Read#9
G	0.338	0.039	0.306	0.035	0.346	0.036	0.336	0.034	0.330	0.035	0.293	0.035	Spectrum Read#9
H	0.037	0.333	0.035	0.309	0.037	0.339	0.040	0.335	0.039	0.312	0.035	0.313	Spectrum Read#9

Spectrum
Wavelength 10 (680 nm)
	1	2	3	4	5	6	7	8	9	10	11	12
A	0.120	0.036	0.114	0.036	0.119	0.035	0.121	0.034	0.117	0.036	0.115	0.034	Spectrum Read#10
B	0.036	0.113	0.036	0.111	0.034	0.119	0.192	0.117	0.035	0.112	0.034	0.099	Spectrum Read#10
C	0.117	0.036	0.115	0.035	0.121	0.037	0.118	0.036	0.112	0.035	0.110	0.035	Spectrum Read#10
D	0.035	0.123	0.035	0.118	0.035	0.110	0.035	0.112	0.037	0.122	0.035	0.133	Spectrum Read#10
E	0.117	0.035	0.115	0.035	0.115	0.036	0.126	0.057	0.121	0.034	0.103	0.035	Spectrum Read#10
F	0.035	0.114	0.037	0.113	0.035	0.122	0.040	0.117	0.036	0.112	0.035	0.106	Spectrum Read#10
G	0.119	0.038	0.111	0.035	0.120	0.036	0.119	0.034	0.118	0.035	0.109	0.035	Spectrum Read#10
H	0.037	0.120	0.034	0.113	0.037	0.120	0.039	0.118	0.039	0.113	0.035	0.114	Spectrum Read#10

