Spectrum
Wavelength 1 (410 nm)
	1	2	3	4	5	6	7	8	9	10	11	12
A	0.198	0.038	0.196	0.039	0.198	0.040	0.198	0.039	0.200	0.038	0.200	0.039	Spectrum Read#1
B	0.039	0.199	0.040	0.197	0.039	0.204	0.039	0.199	0.039	0.200	0.039	0.203	Spectrum Read#1
C	0.202	0.040	0.197	0.039	0.200	0.345	0.199	0.039	0.198	0.040	0.201	0.039	Spectrum Read#1
D	0.040	0.202	0.039	0.203	0.040	0.204	0.039	0.207	0.039	0.204	0.039	0.202	Spectrum Read#1
E	0.202	0.039	0.204	0.040	0.205	0.039	0.203	0.039	0.203	0.039	0.206	0.040	Spectrum Read#1
F	0.039	0.199	0.039	0.194	0.039	0.204	0.040	0.205	0.039	0.200	0.039	0.205	Spectrum Read#1
G	0.203	0.039	0.191	0.039	0.202	0.040	0.203	0.039	0.204	0.039	0.204	0.039	Spectrum Read#1
H	0.039	0.201	0.040	0.201	0.039	0.200	0.039	0.201	0.039	0.202	0.039	0.203	Spectrum Read#1

Spectrum
Wavelength 2 (440 nm)
	1	2	3	4	5	6	7	8	9	10	11	12
A	0.185	0.037	0.185	0.038	0.186	0.038	0.186	0.037	0.187	0.037	0.188	0.037	Spectrum Read#2
B	0.037	0.187	0.039	0.185	0.037	0.192	0.037	0.187	0.038	0.188	0.037	0.190	Spectrum Read#2
C	0.190	0.039	0.184	0.038	0.187	0.337	0.186	0.038	0.185	0.039	0.190	0.038	Spectrum Read#2
D	0.039	0.191	0.039	0.190	0.038	0.191	0.038	0.195	0.037	0.192	0.039	0.190	Spectrum Read#2
E	0.189	0.038	0.192	0.037	0.193	0.037	0.191	0.038	0.192	0.038	0.194	0.039	Spectrum Read#2
F	0.038	0.187	0.039	0.181	0.038	0.191	0.037	0.192	0.038	0.186	0.037	0.192	Spectrum Read#2
G	0.190	0.037	0.187	0.038	0.191	0.038	0.191	0.039	0.192	0.037	0.191	0.037	Spectrum Read#2
H	0.038	0.188	0.039	0.189	0.037	0.189	0.038	0.189	0.037	0.190	0.038	0.191	Spectrum Read#2

Spectrum
Wavelength 3 (470 nm)
	1	2	3	4	5	6	7	8	9	10	11	12
A	0.180	0.036	0.184	0.038	0.185	0.037	0.186	0.036	0.182	0.037	0.182	0.036	Spectrum Read#3
B	0.037	0.187	0.039	0.187	0.037	0.186	0.036	0.185	0.037	0.183	0.036	0.184	Spectrum Read#3
C	0.186	0.036	0.180	0.036	0.181	0.332	0.181	0.036	0.180	0.037	0.188	0.037	Spectrum Read#3
D	0.038	0.188	0.038	0.188	0.036	0.187	0.036	0.193	0.036	0.189	0.038	0.187	Spectrum Read#3
E	0.185	0.036	0.186	0.036	0.188	0.036	0.189	0.038	0.188	0.038	0.188	0.038	Spectrum Read#3
F	0.037	0.184	0.037	0.176	0.038	0.187	0.036	0.188	0.036	0.182	0.036	0.187	Spectrum Read#3
G	0.183	0.036	0.217	0.037	0.186	0.037	0.187	0.037	0.188	0.036	0.188	0.036	Spectrum Read#3
H	0.036	0.183	0.037	0.187	0.036	0.187	0.037	0.187	0.037	0.186	0.036	0.186	Spectrum Read#3

Spectrum
Wavelength 4 (500 nm)
	1	2	3	4	5	6	7	8	9	10	11	12
A	0.199	0.035	0.212	0.037	0.213	0.037	0.215	0.036	0.202	0.036	0.202	0.036	Spectrum Read#4
B	0.037	0.214	0.038	0.216	0.036	0.206	0.035	0.211	0.037	0.203	0.037	0.205	Spectrum Read#4
C	0.207	0.036	0.202	0.035	0.200	0.327	0.202	0.036	0.200	0.036	0.214	0.038	Spectrum Read#4
D	0.037	0.213	0.037	0.211	0.037	0.208	0.035	0.220	0.037	0.209	0.036	0.209	Spectrum Read#4
E	0.209	0.036	0.204	0.038	0.207	0.036	0.214	0.036	0.213	0.038	0.208	0.037	Spectrum Read#4
F	0.037	0.208	0.036	0.198	0.036	0.211	0.035	0.208	0.037	0.200	0.036	0.209	Spectrum Read#4
G	0.202	0.035	0.287	0.035	0.206	0.036	0.209	0.036	0.209	0.036	0.213	0.035	Spectrum Read#4
H	0.036	0.204	0.036	0.211	0.037	0.212	0.036	0.213	0.037	0.206	0.036	0.208	Spectrum Read#4

Spectrum
Wavelength 5 (530 nm)
	1	2	3	4	5	6	7	8	9	10	11	12
A	0.226	0.036	0.244	0.037	0.245	0.036	0.248	0.036	0.230	0.037	0.230	0.036	Spectrum Read#5
B	0.037	0.246	0.037	0.250	0.036	0.234	0.035	0.242	0.037	0.231	0.038	0.233	Spectrum Read#5
C	0.236	0.036	0.231	0.036	0.227	0.327	0.230	0.035	0.228	0.036	0.246	0.038	Spectrum Read#5
D	0.036	0.245	0.036	0.239	0.037	0.237	0.035	0.252	0.037	0.236	0.035	0.238	Spectrum Read#5
E	0.239	0.037	0.230	0.038	0.235	0.035	0.246	0.036	0.245	0.036	0.236	0.037	Spectrum Read#5
F	0.037	0.238	0.035	0.225	0.035	0.242	0.035	0.235	0.038	0.226	0.036	0.237	Spectrum Read#5
G	0.229	0.035	0.341	0.035	0.236	0.036	0.239	0.036	0.238	0.036	0.244	0.035	Spectrum Read#5
H	0.037	0.232	0.036	0.241	0.037	0.243	0.036	0.244	0.037	0.233	0.036	0.236	Spectrum Read#5

Spectrum
Wavelength 6 (560 nm)
	1	2	3	4	5	6	7	8	9	10	11	12
A	0.238	0.037	0.249	0.038	0.249	0.037	0.251	0.037	0.240	0.037	0.240	0.037	Spectrum Read#6
B	0.038	0.250	0.037	0.250	0.036	0.244	0.036	0.248	0.037	0.240	0.038	0.243	Spectrum Read#6
C	0.244	0.038	0.240	0.037	0.238	0.321	0.239	0.036	0.238	0.037	0.250	0.038	Spectrum Read#6
D	0.036	0.250	0.036	0.246	0.036	0.246	0.036	0.256	0.037	0.244	0.036	0.245	Spectrum Read#6
E	0.246	0.038	0.240	0.037	0.245	0.035	0.251	0.037	0.251	0.036	0.246	0.037	Spectrum Read#6
F	0.038	0.244	0.036	0.232	0.037	0.248	0.036	0.244	0.038	0.235	0.036	0.247	Spectrum Read#6
G	0.240	0.036	0.298	0.037	0.245	0.036	0.246	0.038	0.246	0.036	0.249	0.036	Spectrum Read#6
H	0.037	0.241	0.036	0.246	0.038	0.248	0.036	0.249	0.038	0.242	0.036	0.244	Spectrum Read#6

Spectrum
Wavelength 7 (590 nm)
	1	2	3	4	5	6	7	8	9	10	11	12
A	0.243	0.037	0.232	0.037	0.229	0.036	0.228	0.036	0.243	0.037	0.242	0.037	Spectrum Read#7
B	0.037	0.234	0.036	0.224	0.035	0.245	0.035	0.233	0.037	0.243	0.038	0.244	Spectrum Read#7
C	0.242	0.038	0.236	0.037	0.242	0.317	0.238	0.036	0.238	0.037	0.233	0.037	Spectrum Read#7
D	0.036	0.236	0.036	0.239	0.036	0.241	0.036	0.238	0.036	0.244	0.037	0.240	Spectrum Read#7
E	0.237	0.038	0.246	0.036	0.246	0.035	0.236	0.038	0.237	0.036	0.246	0.036	Spectrum Read#7
F	0.038	0.233	0.037	0.229	0.037	0.237	0.036	0.245	0.037	0.239	0.036	0.246	Spectrum Read#7
G	0.244	0.035	0.153	0.037	0.241	0.037	0.239	0.038	0.241	0.035	0.237	0.036	Spectrum Read#7
H	0.037	0.240	0.036	0.235	0.038	0.233	0.037	0.235	0.037	0.240	0.036	0.241	Spectrum Read#7

Spectrum
Wavelength 8 (620 nm)
	1	2	3	4	5	6	7	8	9	10	11	12
A	0.224	0.037	0.203	0.037	0.199	0.036	0.197	0.036	0.223	0.037	0.223	0.036	Spectrum Read#8
B	0.037	0.205	0.035	0.191	0.035	0.224	0.035	0.206	0.036	0.223	0.037	0.223	Spectrum Read#8
C	0.220	0.038	0.213	0.037	0.223	0.315	0.217	0.036	0.218	0.038	0.205	0.037	Spectrum Read#8
D	0.035	0.208	0.037	0.215	0.035	0.218	0.035	0.209	0.035	0.222	0.037	0.216	Spectrum Read#8
E	0.213	0.038	0.229	0.035	0.224	0.035	0.208	0.037	0.210	0.036	0.225	0.035	Spectrum Read#8
F	0.038	0.208	0.037	0.208	0.037	0.212	0.035	0.225	0.035	0.222	0.036	0.225	Spectrum Read#8
G	0.225	0.035	0.065	0.037	0.218	0.036	0.215	0.037	0.218	0.035	0.211	0.035	Spectrum Read#8
H	0.036	0.218	0.035	0.209	0.038	0.205	0.036	0.209	0.036	0.219	0.035	0.219	Spectrum Read#8

Spectrum
Wavelength 9 (650 nm)
	1	2	3	4	5	6	7	8	9	10	11	12
A	0.326	0.037	0.285	0.037	0.278	0.035	0.274	0.036	0.321	0.037	0.321	0.036	Spectrum Read#9
B	0.036	0.288	0.035	0.265	0.035	0.322	0.035	0.291	0.035	0.321	0.036	0.320	Spectrum Read#9
C	0.314	0.038	0.303	0.037	0.324	0.315	0.312	0.036	0.313	0.038	0.286	0.036	Spectrum Read#9
D	0.034	0.292	0.037	0.307	0.035	0.311	0.035	0.290	0.035	0.320	0.037	0.307	Spectrum Read#9
E	0.302	0.037	0.330	0.035	0.319	0.035	0.292	0.036	0.294	0.037	0.321	0.035	Spectrum Read#9
F	0.038	0.294	0.038	0.296	0.036	0.298	0.035	0.321	0.034	0.320	0.035	0.321	Spectrum Read#9
G	0.323	0.034	0.049	0.036	0.308	0.035	0.303	0.035	0.308	0.035	0.296	0.035	Spectrum Read#9
H	0.036	0.313	0.035	0.294	0.037	0.285	0.036	0.292	0.036	0.312	0.035	0.310	Spectrum Read#9

Spectrum
Wavelength 10 (680 nm)
	1	2	3	4	5	6	7	8	9	10	11	12
A	0.112	0.036	0.104	0.036	0.101	0.034	0.100	0.035	0.111	0.036	0.112	0.035	Spectrum Read#10
B	0.035	0.103	0.034	0.098	0.033	0.111	0.034	0.103	0.034	0.110	0.035	0.112	Spectrum Read#10
C	0.109	0.037	0.108	0.036	0.112	0.314	0.109	0.035	0.110	0.037	0.105	0.035	Spectrum Read#10
D	0.033	0.106	0.037	0.110	0.034	0.109	0.034	0.108	0.035	0.113	0.037	0.107	Spectrum Read#10
E	0.107	0.035	0.115	0.035	0.111	0.034	0.104	0.034	0.105	0.036	0.113	0.034	Spectrum Read#10
F	0.037	0.104	0.037	0.105	0.034	0.106	0.034	0.112	0.034	0.112	0.034	0.113	Spectrum Read#10
G	0.112	0.033	0.042	0.034	0.108	0.034	0.107	0.034	0.109	0.034	0.106	0.034	Spectrum Read#10
H	0.036	0.108	0.033	0.104	0.036	0.103	0.034	0.107	0.035	0.109	0.034	0.110	Spectrum Read#10

