Spectrum
Wavelength 1 (410 nm)
	1	2	3	4	5	6	7	8	9	10	11	12
A	0.221	0.039	0.215	0.037	0.223	0.041	0.224	0.038	0.214	0.039	0.223	0.038	Spectrum Read#1
B	0.038	0.261	0.038	0.232	0.037	0.243	0.038	0.250	0.038	0.224	0.041	0.222	Spectrum Read#1
C	0.227	0.039	0.235	0.038	0.246	0.041	0.257	0.039	0.239	0.038	0.228	0.038	Spectrum Read#1
D	0.038	0.225	0.038	0.229	0.038	0.258	0.041	0.240	0.038	0.249	0.038	0.224	Spectrum Read#1
E	0.220	0.038	0.237	0.037	0.248	0.038	0.249	0.038	0.250	0.038	0.248	0.045	Spectrum Read#1
F	0.042	0.230	0.038	0.229	0.038	0.259	0.041	0.282	0.038	0.231	0.038	0.225	Spectrum Read#1
G	0.228	0.038	0.228	0.038	0.234	0.038	0.229	0.038	0.234	0.039	0.229	0.041	Spectrum Read#1
H	0.042	0.228	0.038	0.213	0.044	0.224	0.038	0.219	0.037	0.228	0.038	0.225	Spectrum Read#1

Spectrum
Wavelength 2 (440 nm)
	1	2	3	4	5	6	7	8	9	10	11	12
A	0.207	0.037	0.201	0.036	0.210	0.040	0.210	0.036	0.200	0.037	0.209	0.036	Spectrum Read#2
B	0.036	0.243	0.036	0.218	0.036	0.228	0.036	0.234	0.036	0.210	0.039	0.208	Spectrum Read#2
C	0.212	0.037	0.219	0.036	0.230	0.040	0.240	0.037	0.223	0.036	0.213	0.036	Spectrum Read#2
D	0.036	0.212	0.036	0.214	0.036	0.242	0.039	0.225	0.036	0.233	0.036	0.209	Spectrum Read#2
E	0.205	0.036	0.221	0.036	0.232	0.036	0.234	0.036	0.233	0.036	0.232	0.043	Spectrum Read#2
F	0.040	0.214	0.036	0.214	0.036	0.241	0.038	0.264	0.036	0.217	0.036	0.210	Spectrum Read#2
G	0.214	0.037	0.214	0.036	0.218	0.036	0.214	0.036	0.219	0.038	0.214	0.039	Spectrum Read#2
H	0.041	0.213	0.036	0.199	0.042	0.209	0.036	0.204	0.036	0.214	0.037	0.209	Spectrum Read#2

Spectrum
Wavelength 3 (470 nm)
	1	2	3	4	5	6	7	8	9	10	11	12
A	0.203	0.037	0.196	0.035	0.210	0.040	0.207	0.036	0.196	0.037	0.205	0.036	Spectrum Read#3
B	0.035	0.232	0.035	0.212	0.035	0.221	0.036	0.227	0.036	0.208	0.039	0.205	Spectrum Read#3
C	0.205	0.036	0.212	0.036	0.224	0.039	0.234	0.036	0.218	0.036	0.208	0.036	Spectrum Read#3
D	0.036	0.213	0.036	0.210	0.035	0.241	0.038	0.223	0.035	0.227	0.035	0.204	Spectrum Read#3
E	0.203	0.036	0.214	0.035	0.228	0.036	0.232	0.035	0.227	0.035	0.225	0.042	Spectrum Read#3
F	0.039	0.206	0.035	0.211	0.035	0.233	0.038	0.258	0.036	0.214	0.036	0.208	Spectrum Read#3
G	0.211	0.036	0.209	0.036	0.212	0.036	0.208	0.035	0.216	0.037	0.210	0.038	Spectrum Read#3
H	0.041	0.209	0.036	0.194	0.042	0.205	0.036	0.199	0.035	0.210	0.036	0.202	Spectrum Read#3

Spectrum
Wavelength 4 (500 nm)
	1	2	3	4	5	6	7	8	9	10	11	12
A	0.230	0.037	0.219	0.035	0.242	0.039	0.231	0.036	0.219	0.037	0.230	0.035	Spectrum Read#4
B	0.035	0.246	0.035	0.235	0.035	0.243	0.036	0.248	0.035	0.235	0.038	0.232	Spectrum Read#4
C	0.225	0.036	0.233	0.035	0.246	0.038	0.257	0.036	0.240	0.035	0.232	0.035	Spectrum Read#4
D	0.035	0.248	0.035	0.234	0.035	0.274	0.038	0.252	0.035	0.249	0.035	0.226	Spectrum Read#4
E	0.230	0.035	0.237	0.035	0.254	0.035	0.261	0.035	0.250	0.035	0.247	0.042	Spectrum Read#4
F	0.038	0.226	0.035	0.239	0.035	0.252	0.037	0.281	0.035	0.241	0.036	0.235	Spectrum Read#4
G	0.239	0.036	0.233	0.035	0.233	0.035	0.231	0.035	0.243	0.036	0.234	0.038	Spectrum Read#4
H	0.041	0.235	0.035	0.215	0.042	0.229	0.035	0.222	0.035	0.234	0.036	0.222	Spectrum Read#4

Spectrum
Wavelength 5 (530 nm)
	1	2	3	4	5	6	7	8	9	10	11	12
A	0.263	0.036	0.248	0.035	0.278	0.039	0.263	0.035	0.248	0.036	0.262	0.035	Spectrum Read#5
B	0.035	0.271	0.035	0.267	0.035	0.273	0.036	0.278	0.035	0.268	0.038	0.265	Spectrum Read#5
C	0.255	0.035	0.263	0.035	0.277	0.038	0.289	0.035	0.269	0.035	0.263	0.035	Spectrum Read#5
D	0.035	0.287	0.035	0.264	0.035	0.312	0.037	0.287	0.035	0.280	0.035	0.257	Spectrum Read#5
E	0.263	0.035	0.268	0.035	0.287	0.035	0.296	0.035	0.281	0.035	0.277	0.042	Spectrum Read#5
F	0.038	0.255	0.035	0.273	0.035	0.280	0.037	0.313	0.035	0.275	0.035	0.268	Spectrum Read#5
G	0.273	0.035	0.265	0.035	0.265	0.035	0.262	0.035	0.276	0.036	0.266	0.038	Spectrum Read#5
H	0.041	0.268	0.035	0.244	0.042	0.261	0.035	0.254	0.035	0.266	0.036	0.251	Spectrum Read#5

Spectrum
Wavelength 6 (560 nm)
	1	2	3	4	5	6	7	8	9	10	11	12
A	0.269	0.036	0.257	0.034	0.279	0.039	0.270	0.035	0.256	0.036	0.269	0.035	Spectrum Read#6
B	0.035	0.285	0.034	0.276	0.034	0.281	0.035	0.287	0.035	0.274	0.038	0.270	Spectrum Read#6
C	0.266	0.035	0.274	0.035	0.285	0.038	0.296	0.035	0.277	0.035	0.272	0.035	Spectrum Read#6
D	0.035	0.285	0.035	0.270	0.034	0.310	0.037	0.289	0.035	0.287	0.035	0.265	Spectrum Read#6
E	0.269	0.035	0.278	0.035	0.292	0.035	0.297	0.035	0.289	0.035	0.285	0.041	Spectrum Read#6
F	0.038	0.267	0.035	0.278	0.035	0.290	0.036	0.315	0.035	0.279	0.035	0.273	Spectrum Read#6
G	0.279	0.035	0.273	0.035	0.275	0.035	0.271	0.035	0.281	0.036	0.273	0.038	Spectrum Read#6
H	0.041	0.276	0.035	0.253	0.041	0.269	0.035	0.264	0.035	0.272	0.035	0.263	Spectrum Read#6

Spectrum
Wavelength 7 (590 nm)
	1	2	3	4	5	6	7	8	9	10	11	12
A	0.257	0.037	0.255	0.035	0.253	0.039	0.261	0.035	0.251	0.036	0.261	0.035	Spectrum Read#7
B	0.035	0.304	0.035	0.274	0.035	0.279	0.035	0.286	0.035	0.260	0.038	0.258	Spectrum Read#7
C	0.271	0.035	0.278	0.035	0.280	0.038	0.290	0.035	0.271	0.035	0.269	0.035	Spectrum Read#7
D	0.035	0.251	0.035	0.261	0.035	0.278	0.037	0.268	0.035	0.284	0.035	0.262	Spectrum Read#7
E	0.257	0.035	0.278	0.035	0.278	0.035	0.276	0.035	0.284	0.035	0.283	0.042	Spectrum Read#7
F	0.038	0.276	0.035	0.263	0.035	0.292	0.037	0.299	0.035	0.263	0.035	0.259	Spectrum Read#7
G	0.266	0.036	0.268	0.035	0.275	0.035	0.269	0.035	0.268	0.036	0.268	0.038	Spectrum Read#7
H	0.041	0.268	0.035	0.254	0.042	0.263	0.035	0.263	0.036	0.265	0.036	0.270	Spectrum Read#7

Spectrum
Wavelength 8 (620 nm)
	1	2	3	4	5	6	7	8	9	10	11	12
A	0.228	0.036	0.231	0.034	0.217	0.038	0.233	0.035	0.226	0.035	0.234	0.035	Spectrum Read#8
B	0.034	0.287	0.034	0.248	0.034	0.253	0.035	0.261	0.034	0.229	0.037	0.229	Spectrum Read#8
C	0.249	0.035	0.255	0.034	0.254	0.037	0.262	0.035	0.245	0.035	0.243	0.034	Spectrum Read#8
D	0.034	0.211	0.034	0.234	0.035	0.238	0.037	0.234	0.034	0.257	0.035	0.237	Spectrum Read#8
E	0.228	0.035	0.254	0.034	0.247	0.035	0.242	0.034	0.257	0.034	0.257	0.041	Spectrum Read#8
F	0.037	0.255	0.034	0.231	0.034	0.269	0.036	0.267	0.034	0.232	0.035	0.229	Spectrum Read#8
G	0.236	0.035	0.241	0.034	0.250	0.035	0.243	0.034	0.237	0.036	0.242	0.037	Spectrum Read#8
H	0.040	0.240	0.035	0.232	0.041	0.236	0.034	0.238	0.035	0.238	0.035	0.249	Spectrum Read#8

Spectrum
Wavelength 9 (650 nm)
	1	2	3	4	5	6	7	8	9	10	11	12
A	0.322	0.035	0.332	0.033	0.300	0.038	0.330	0.034	0.322	0.035	0.333	0.034	Spectrum Read#9
B	0.034	0.409	0.034	0.353	0.034	0.356	0.034	0.368	0.034	0.323	0.037	0.324	Spectrum Read#9
C	0.359	0.034	0.365	0.034	0.357	0.036	0.366	0.034	0.343	0.034	0.348	0.034	Spectrum Read#9
D	0.034	0.288	0.034	0.329	0.034	0.321	0.036	0.322	0.034	0.361	0.034	0.338	Spectrum Read#9
E	0.324	0.034	0.363	0.033	0.343	0.034	0.330	0.033	0.361	0.034	0.362	0.040	Spectrum Read#9
F	0.037	0.369	0.034	0.326	0.033	0.376	0.035	0.357	0.034	0.324	0.034	0.319	Spectrum Read#9
G	0.333	0.034	0.344	0.033	0.359	0.034	0.348	0.034	0.332	0.035	0.343	0.036	Spectrum Read#9
H	0.040	0.343	0.034	0.333	0.040	0.338	0.034	0.344	0.035	0.336	0.034	0.360	Spectrum Read#9

Spectrum
Wavelength 10 (680 nm)
	1	2	3	4	5	6	7	8	9	10	11	12
A	0.114	0.035	0.114	0.033	0.109	0.037	0.116	0.034	0.113	0.035	0.116	0.034	Spectrum Read#10
B	0.033	0.148	0.033	0.124	0.033	0.130	0.034	0.133	0.034	0.115	0.036	0.114	Spectrum Read#10
C	0.122	0.034	0.128	0.034	0.130	0.036	0.135	0.034	0.128	0.034	0.119	0.034	Spectrum Read#10
D	0.034	0.107	0.034	0.120	0.034	0.127	0.036	0.123	0.034	0.132	0.034	0.120	Spectrum Read#10
E	0.113	0.034	0.127	0.033	0.127	0.034	0.127	0.034	0.132	0.034	0.132	0.040	Spectrum Read#10
F	0.037	0.125	0.033	0.117	0.034	0.142	0.035	0.148	0.034	0.118	0.034	0.118	Spectrum Read#10
G	0.117	0.034	0.120	0.034	0.126	0.034	0.123	0.034	0.122	0.035	0.123	0.037	Spectrum Read#10
H	0.039	0.119	0.034	0.115	0.041	0.118	0.034	0.118	0.035	0.121	0.034	0.125	Spectrum Read#10

