Spectrum
Wavelength 1 (530 nm)
	1	2	3	4	5	6	7	8	9	10	11	12
A	0.304	0.037	0.327	0.036	0.316	0.038	0.323	0.036	0.314	0.037	0.316	0.036	Spectrum Read#1
B	0.037	0.315	0.036	0.330	0.038	0.328	0.040	0.318	0.036	0.318	0.038	0.307	Spectrum Read#1
C	0.323	0.038	0.324	0.036	0.331	0.037	0.332	0.037	0.305	0.036	0.309	0.036	Spectrum Read#1
D	0.040	0.316	0.036	0.321	0.039	0.310	0.038	0.310	0.037	0.311	0.046	0.317	Spectrum Read#1
E	0.310	0.037	0.322	0.039	0.334	0.038	0.316	0.038	0.322	0.038	0.308	0.036	Spectrum Read#1
F	0.037	0.314	0.038	0.332	0.036	0.309	0.037	0.302	0.040	0.317	0.036	0.310	Spectrum Read#1
G	0.316	0.038	0.293	0.037	0.317	0.036	0.327	0.038	0.321	0.037	0.315	0.038	Spectrum Read#1
H	0.040	0.302	0.037	0.304	0.038	0.313	0.041	0.304	0.039	0.326	0.038	0.040	Spectrum Read#1

Spectrum
Wavelength 2 (545 nm)
	1	2	3	4	5	6	7	8	9	10	11	12
A	0.308	0.037	0.329	0.036	0.320	0.038	0.325	0.036	0.317	0.037	0.318	0.036	Spectrum Read#2
B	0.037	0.318	0.036	0.331	0.038	0.330	0.040	0.321	0.036	0.320	0.038	0.310	Spectrum Read#2
C	0.325	0.037	0.325	0.036	0.332	0.037	0.332	0.037	0.308	0.036	0.311	0.036	Spectrum Read#2
D	0.039	0.319	0.036	0.323	0.039	0.314	0.037	0.313	0.037	0.314	0.046	0.319	Spectrum Read#2
E	0.313	0.036	0.323	0.039	0.335	0.038	0.318	0.037	0.324	0.038	0.311	0.036	Spectrum Read#2
F	0.037	0.317	0.038	0.333	0.036	0.313	0.037	0.306	0.040	0.319	0.036	0.313	Spectrum Read#2
G	0.319	0.038	0.297	0.036	0.320	0.036	0.328	0.038	0.322	0.037	0.317	0.037	Spectrum Read#2
H	0.040	0.306	0.037	0.308	0.038	0.316	0.040	0.307	0.039	0.328	0.038	0.040	Spectrum Read#2

Spectrum
Wavelength 3 (560 nm)
	1	2	3	4	5	6	7	8	9	10	11	12
A	0.307	0.037	0.322	0.036	0.319	0.038	0.318	0.036	0.313	0.037	0.313	0.036	Spectrum Read#3
B	0.036	0.316	0.036	0.323	0.037	0.322	0.040	0.315	0.036	0.315	0.038	0.308	Spectrum Read#3
C	0.319	0.037	0.319	0.036	0.323	0.037	0.323	0.037	0.306	0.036	0.307	0.036	Spectrum Read#3
D	0.039	0.315	0.036	0.318	0.039	0.312	0.037	0.310	0.037	0.310	0.046	0.313	Spectrum Read#3
E	0.310	0.036	0.316	0.039	0.326	0.038	0.315	0.037	0.318	0.037	0.307	0.036	Spectrum Read#3
F	0.037	0.313	0.038	0.323	0.036	0.309	0.036	0.305	0.040	0.313	0.036	0.307	Spectrum Read#3
G	0.314	0.038	0.296	0.036	0.315	0.036	0.320	0.038	0.315	0.037	0.310	0.037	Spectrum Read#3
H	0.040	0.305	0.037	0.306	0.038	0.312	0.040	0.304	0.039	0.320	0.038	0.040	Spectrum Read#3

Spectrum
Wavelength 4 (575 nm)
	1	2	3	4	5	6	7	8	9	10	11	12
A	0.288	0.036	0.294	0.035	0.298	0.037	0.290	0.035	0.288	0.036	0.286	0.035	Spectrum Read#4
B	0.036	0.293	0.035	0.292	0.037	0.292	0.039	0.287	0.036	0.288	0.037	0.285	Spectrum Read#4
C	0.290	0.037	0.289	0.036	0.291	0.037	0.290	0.037	0.284	0.035	0.282	0.035	Spectrum Read#4
D	0.038	0.290	0.035	0.291	0.038	0.290	0.037	0.286	0.037	0.286	0.045	0.284	Spectrum Read#4
E	0.286	0.036	0.286	0.038	0.294	0.037	0.290	0.036	0.289	0.037	0.283	0.035	Spectrum Read#4
F	0.036	0.288	0.037	0.291	0.036	0.286	0.036	0.284	0.039	0.286	0.035	0.281	Spectrum Read#4
G	0.288	0.037	0.276	0.036	0.288	0.035	0.288	0.037	0.285	0.037	0.281	0.036	Spectrum Read#4
H	0.039	0.283	0.036	0.284	0.037	0.286	0.039	0.280	0.038	0.289	0.037	0.039	Spectrum Read#4

Spectrum
Wavelength 5 (590 nm)
	1	2	3	4	5	6	7	8	9	10	11	12
A	0.290	0.036	0.277	0.035	0.299	0.037	0.274	0.035	0.277	0.036	0.272	0.035	Spectrum Read#5
B	0.036	0.289	0.035	0.269	0.037	0.272	0.039	0.273	0.036	0.275	0.037	0.279	Spectrum Read#5
C	0.274	0.036	0.271	0.036	0.266	0.037	0.264	0.037	0.279	0.035	0.272	0.035	Spectrum Read#5
D	0.038	0.281	0.035	0.278	0.038	0.287	0.037	0.279	0.036	0.279	0.044	0.268	Spectrum Read#5
E	0.278	0.036	0.265	0.038	0.270	0.037	0.281	0.036	0.272	0.037	0.274	0.035	Spectrum Read#5
F	0.036	0.278	0.037	0.266	0.035	0.279	0.036	0.284	0.039	0.272	0.036	0.267	Spectrum Read#5
G	0.277	0.037	0.274	0.036	0.276	0.035	0.266	0.037	0.266	0.037	0.263	0.036	Spectrum Read#5
H	0.039	0.282	0.036	0.279	0.038	0.276	0.039	0.271	0.038	0.267	0.037	0.039	Spectrum Read#5

Spectrum
Wavelength 6 (605 nm)
	1	2	3	4	5	6	7	8	9	10	11	12
A	0.302	0.036	0.273	0.035	0.310	0.037	0.270	0.035	0.278	0.036	0.270	0.035	Spectrum Read#6
B	0.036	0.296	0.035	0.261	0.037	0.265	0.039	0.270	0.036	0.275	0.038	0.284	Spectrum Read#6
C	0.270	0.037	0.265	0.036	0.255	0.037	0.252	0.037	0.286	0.036	0.273	0.035	Spectrum Read#6
D	0.038	0.283	0.035	0.276	0.038	0.295	0.037	0.283	0.036	0.281	0.044	0.263	Spectrum Read#6
E	0.281	0.036	0.257	0.038	0.260	0.037	0.283	0.036	0.267	0.037	0.276	0.035	Spectrum Read#6
F	0.036	0.279	0.037	0.254	0.036	0.283	0.036	0.294	0.039	0.270	0.036	0.265	Spectrum Read#6
G	0.277	0.037	0.282	0.036	0.275	0.035	0.256	0.037	0.258	0.037	0.257	0.036	Spectrum Read#6
H	0.039	0.290	0.036	0.286	0.038	0.277	0.039	0.274	0.038	0.258	0.037	0.039	Spectrum Read#6

Spectrum
Wavelength 7 (620 nm)
	1	2	3	4	5	6	7	8	9	10	11	12
A	0.257	0.036	0.231	0.035	0.265	0.037	0.228	0.035	0.235	0.036	0.228	0.035	Spectrum Read#7
B	0.036	0.252	0.035	0.220	0.037	0.224	0.039	0.229	0.035	0.232	0.037	0.242	Spectrum Read#7
C	0.229	0.037	0.224	0.036	0.215	0.037	0.212	0.037	0.242	0.035	0.231	0.035	Spectrum Read#7
D	0.038	0.240	0.035	0.234	0.037	0.251	0.036	0.241	0.036	0.239	0.043	0.223	Spectrum Read#7
E	0.238	0.036	0.217	0.038	0.220	0.037	0.240	0.036	0.225	0.037	0.234	0.035	Spectrum Read#7
F	0.036	0.237	0.037	0.214	0.035	0.240	0.036	0.249	0.039	0.228	0.036	0.225	Spectrum Read#7
G	0.234	0.037	0.240	0.036	0.233	0.035	0.216	0.037	0.218	0.036	0.217	0.036	Spectrum Read#7
H	0.039	0.246	0.036	0.243	0.037	0.235	0.039	0.232	0.038	0.218	0.037	0.038	Spectrum Read#7

Spectrum
Wavelength 8 (635 nm)
	1	2	3	4	5	6	7	8	9	10	11	12
A	0.267	0.036	0.236	0.035	0.274	0.036	0.234	0.034	0.242	0.035	0.234	0.034	Spectrum Read#8
B	0.035	0.260	0.034	0.224	0.036	0.228	0.038	0.234	0.035	0.238	0.037	0.249	Spectrum Read#8
C	0.234	0.036	0.229	0.035	0.218	0.036	0.215	0.036	0.251	0.035	0.238	0.035	Spectrum Read#8
D	0.037	0.247	0.035	0.240	0.037	0.260	0.036	0.248	0.036	0.246	0.043	0.228	Spectrum Read#8
E	0.245	0.035	0.222	0.037	0.223	0.037	0.247	0.035	0.231	0.036	0.242	0.034	Spectrum Read#8
F	0.035	0.243	0.036	0.217	0.035	0.248	0.035	0.259	0.038	0.234	0.035	0.231	Spectrum Read#8
G	0.241	0.036	0.249	0.035	0.239	0.035	0.220	0.036	0.222	0.036	0.222	0.036	Spectrum Read#8
H	0.039	0.256	0.035	0.251	0.037	0.242	0.039	0.240	0.037	0.222	0.037	0.038	Spectrum Read#8

Spectrum
Wavelength 9 (650 nm)
	1	2	3	4	5	6	7	8	9	10	11	12
A	0.355	0.035	0.308	0.035	0.362	0.036	0.305	0.034	0.318	0.035	0.308	0.034	Spectrum Read#9
B	0.035	0.345	0.034	0.289	0.036	0.296	0.038	0.306	0.035	0.313	0.037	0.329	Spectrum Read#9
C	0.305	0.036	0.298	0.035	0.281	0.036	0.275	0.036	0.333	0.035	0.314	0.034	Spectrum Read#9
D	0.037	0.326	0.035	0.314	0.037	0.344	0.036	0.328	0.035	0.325	0.042	0.297	Spectrum Read#9
E	0.325	0.035	0.287	0.037	0.285	0.037	0.326	0.035	0.300	0.036	0.318	0.034	Spectrum Read#9
F	0.035	0.321	0.036	0.279	0.035	0.328	0.035	0.345	0.038	0.307	0.035	0.302	Spectrum Read#9
G	0.317	0.036	0.331	0.035	0.314	0.035	0.283	0.036	0.289	0.036	0.289	0.035	Spectrum Read#9
H	0.039	0.340	0.035	0.333	0.037	0.319	0.038	0.317	0.037	0.287	0.036	0.292	Spectrum Read#9

Spectrum
Wavelength 10 (665 nm)
	1	2	3	4	5	6	7	8	9	10	11	12
A	0.274	0.035	0.240	0.035	0.280	0.036	0.238	0.034	0.248	0.035	0.240	0.034	Spectrum Read#10
B	0.035	0.267	0.034	0.227	0.036	0.232	0.038	0.239	0.035	0.244	0.036	0.255	Spectrum Read#10
C	0.239	0.035	0.233	0.035	0.221	0.035	0.217	0.036	0.258	0.035	0.244	0.034	Spectrum Read#10
D	0.037	0.254	0.034	0.245	0.036	0.267	0.035	0.254	0.035	0.252	0.042	0.232	Spectrum Read#10
E	0.252	0.035	0.226	0.037	0.226	0.036	0.253	0.035	0.235	0.036	0.247	0.034	Spectrum Read#10
F	0.035	0.249	0.036	0.220	0.034	0.255	0.035	0.267	0.038	0.239	0.034	0.235	Spectrum Read#10
G	0.246	0.036	0.256	0.035	0.244	0.034	0.223	0.036	0.227	0.035	0.226	0.035	Spectrum Read#10
H	0.039	0.263	0.035	0.258	0.036	0.248	0.038	0.246	0.036	0.226	0.036	0.038	Spectrum Read#10

Spectrum
Wavelength 11 (680 nm)
	1	2	3	4	5	6	7	8	9	10	11	12
A	0.123	0.035	0.112	0.034	0.130	0.035	0.112	0.034	0.115	0.035	0.112	0.034	Spectrum Read#11
B	0.035	0.121	0.034	0.108	0.035	0.110	0.037	0.112	0.034	0.114	0.036	0.118	Spectrum Read#11
C	0.113	0.035	0.110	0.034	0.107	0.035	0.106	0.035	0.119	0.034	0.113	0.034	Spectrum Read#11
D	0.036	0.118	0.034	0.115	0.036	0.122	0.035	0.118	0.035	0.117	0.041	0.110	Spectrum Read#11
E	0.116	0.035	0.109	0.037	0.111	0.036	0.118	0.035	0.111	0.036	0.115	0.034	Spectrum Read#11
F	0.035	0.116	0.035	0.106	0.034	0.118	0.034	0.121	0.038	0.113	0.034	0.111	Spectrum Read#11
G	0.115	0.036	0.118	0.035	0.114	0.034	0.107	0.036	0.108	0.035	0.108	0.035	Spectrum Read#11
H	0.038	0.120	0.035	0.119	0.036	0.116	0.038	0.114	0.036	0.110	0.036	0.037	Spectrum Read#11

