Spectrum
Wavelength 1 (410 nm)
	1	2	3	4	5	6	7	8	9	10	11	12
A	0.256	0.043	0.252	0.041	0.247	0.044	0.256	0.041	0.254	0.042	0.247	0.041	Spectrum Read#1
B	0.044	0.253	0.041	0.254	0.041	0.256	0.044	0.256	0.041	0.252	0.042	0.246	Spectrum Read#1
C	0.250	0.042	0.263	0.042	0.250	0.042	0.254	0.088	0.261	0.043	0.250	0.042	Spectrum Read#1
D	0.041	0.254	0.041	0.254	0.041	0.258	0.044	0.253	0.041	0.255	0.041	0.245	Spectrum Read#1
E	0.248	0.042	0.255	0.047	0.262	0.041	0.258	0.042	0.261	0.041	0.251	0.041	Spectrum Read#1
F	0.043	0.248	0.042	0.253	0.043	0.252	0.043	0.252	0.042	0.254	0.044	0.242	Spectrum Read#1
G	0.251	0.041	0.249	0.042	0.247	0.043	0.254	0.042	0.249	0.042	0.248	0.044	Spectrum Read#1
H	0.042	0.246	0.041	0.245	0.042	0.239	0.102	0.243	0.041	0.249	0.042	0.242	Spectrum Read#1

Spectrum
Wavelength 2 (440 nm)
	1	2	3	4	5	6	7	8	9	10	11	12
A	0.240	0.041	0.237	0.038	0.233	0.041	0.241	0.038	0.239	0.039	0.233	0.038	Spectrum Read#2
B	0.041	0.239	0.038	0.239	0.038	0.241	0.041	0.241	0.038	0.237	0.039	0.232	Spectrum Read#2
C	0.236	0.039	0.247	0.039	0.235	0.039	0.239	0.082	0.245	0.041	0.236	0.038	Spectrum Read#2
D	0.038	0.239	0.038	0.239	0.038	0.243	0.042	0.239	0.038	0.240	0.038	0.231	Spectrum Read#2
E	0.234	0.039	0.240	0.044	0.246	0.038	0.242	0.039	0.245	0.038	0.236	0.038	Spectrum Read#2
F	0.039	0.233	0.039	0.238	0.040	0.237	0.040	0.237	0.039	0.239	0.041	0.228	Spectrum Read#2
G	0.237	0.039	0.233	0.039	0.232	0.040	0.239	0.039	0.233	0.039	0.233	0.041	Spectrum Read#2
H	0.039	0.232	0.038	0.230	0.040	0.236	0.093	0.230	0.038	0.234	0.039	0.228	Spectrum Read#2

Spectrum
Wavelength 3 (470 nm)
	1	2	3	4	5	6	7	8	9	10	11	12
A	0.240	0.040	0.238	0.037	0.236	0.040	0.240	0.037	0.241	0.038	0.236	0.037	Spectrum Read#3
B	0.040	0.246	0.037	0.238	0.037	0.246	0.040	0.240	0.037	0.237	0.038	0.236	Spectrum Read#3
C	0.247	0.038	0.248	0.037	0.238	0.038	0.244	0.078	0.242	0.040	0.241	0.037	Spectrum Read#3
D	0.037	0.242	0.037	0.244	0.037	0.243	0.041	0.243	0.037	0.242	0.037	0.235	Spectrum Read#3
E	0.244	0.037	0.244	0.042	0.244	0.037	0.244	0.037	0.243	0.037	0.239	0.037	Spectrum Read#3
F	0.038	0.240	0.038	0.244	0.039	0.238	0.039	0.242	0.037	0.242	0.040	0.234	Spectrum Read#3
G	0.241	0.038	0.231	0.038	0.231	0.038	0.243	0.037	0.236	0.038	0.235	0.040	Spectrum Read#3
H	0.039	0.232	0.037	0.233	0.039	0.274	0.086	0.239	0.037	0.235	0.038	0.227	Spectrum Read#3

Spectrum
Wavelength 4 (500 nm)
	1	2	3	4	5	6	7	8	9	10	11	12
A	0.277	0.038	0.277	0.036	0.279	0.039	0.276	0.036	0.283	0.037	0.276	0.036	Spectrum Read#4
B	0.039	0.295	0.036	0.276	0.036	0.292	0.039	0.276	0.036	0.274	0.037	0.278	Spectrum Read#4
C	0.301	0.037	0.286	0.036	0.279	0.037	0.289	0.073	0.276	0.038	0.285	0.036	Spectrum Read#4
D	0.036	0.284	0.036	0.290	0.036	0.281	0.039	0.289	0.036	0.284	0.036	0.278	Spectrum Read#4
E	0.296	0.036	0.289	0.041	0.280	0.036	0.284	0.036	0.276	0.036	0.281	0.036	Spectrum Read#4
F	0.037	0.288	0.036	0.289	0.038	0.279	0.037	0.288	0.037	0.283	0.038	0.279	Spectrum Read#4
G	0.285	0.037	0.265	0.036	0.267	0.037	0.287	0.036	0.276	0.037	0.273	0.038	Spectrum Read#4
H	0.038	0.270	0.036	0.274	0.038	0.357	0.080	0.289	0.036	0.273	0.037	0.262	Spectrum Read#4

Spectrum
Wavelength 5 (530 nm)
	1	2	3	4	5	6	7	8	9	10	11	12
A	0.318	0.038	0.318	0.036	0.322	0.038	0.316	0.036	0.326	0.037	0.319	0.035	Spectrum Read#5
B	0.038	0.344	0.036	0.317	0.036	0.338	0.038	0.317	0.035	0.315	0.036	0.322	Spectrum Read#5
C	0.352	0.036	0.330	0.036	0.322	0.036	0.335	0.070	0.316	0.038	0.330	0.036	Spectrum Read#5
D	0.036	0.328	0.036	0.337	0.036	0.324	0.039	0.335	0.036	0.328	0.036	0.322	Spectrum Read#5
E	0.346	0.036	0.335	0.040	0.321	0.036	0.327	0.036	0.316	0.036	0.325	0.035	Spectrum Read#5
F	0.036	0.336	0.036	0.336	0.037	0.322	0.036	0.334	0.036	0.326	0.038	0.324	Spectrum Read#5
G	0.330	0.036	0.305	0.036	0.307	0.036	0.333	0.036	0.319	0.036	0.314	0.038	Spectrum Read#5
H	0.037	0.311	0.036	0.318	0.037	0.423	0.075	0.337	0.036	0.315	0.036	0.301	Spectrum Read#5

Spectrum
Wavelength 6 (560 nm)
	1	2	3	4	5	6	7	8	9	10	11	12
A	0.318	0.038	0.316	0.036	0.317	0.038	0.316	0.036	0.322	0.037	0.314	0.035	Spectrum Read#6
B	0.038	0.333	0.036	0.317	0.036	0.330	0.038	0.318	0.035	0.313	0.036	0.316	Spectrum Read#6
C	0.336	0.036	0.328	0.036	0.318	0.036	0.327	0.067	0.318	0.038	0.322	0.036	Spectrum Read#6
D	0.036	0.323	0.035	0.330	0.036	0.322	0.039	0.328	0.036	0.323	0.036	0.316	Spectrum Read#6
E	0.332	0.036	0.328	0.040	0.322	0.036	0.325	0.036	0.317	0.036	0.321	0.036	Spectrum Read#6
F	0.036	0.327	0.036	0.328	0.037	0.319	0.037	0.326	0.036	0.322	0.038	0.315	Spectrum Read#6
G	0.324	0.036	0.308	0.036	0.309	0.036	0.326	0.036	0.316	0.036	0.313	0.038	Spectrum Read#6
H	0.038	0.310	0.036	0.315	0.038	0.366	0.072	0.324	0.036	0.313	0.037	0.302	Spectrum Read#6

Spectrum
Wavelength 7 (590 nm)
	1	2	3	4	5	6	7	8	9	10	11	12
A	0.288	0.037	0.280	0.035	0.271	0.038	0.287	0.035	0.279	0.036	0.272	0.035	Spectrum Read#7
B	0.038	0.271	0.035	0.286	0.035	0.276	0.038	0.288	0.035	0.281	0.036	0.267	Spectrum Read#7
C	0.258	0.036	0.292	0.035	0.276	0.036	0.274	0.064	0.295	0.037	0.271	0.035	Spectrum Read#7
D	0.035	0.278	0.035	0.277	0.035	0.287	0.038	0.275	0.035	0.278	0.035	0.267	Spectrum Read#7
E	0.260	0.036	0.276	0.039	0.295	0.035	0.286	0.035	0.293	0.035	0.276	0.035	Spectrum Read#7
F	0.036	0.267	0.035	0.272	0.036	0.279	0.036	0.271	0.035	0.278	0.037	0.260	Spectrum Read#7
G	0.273	0.035	0.286	0.035	0.281	0.036	0.275	0.036	0.275	0.036	0.277	0.037	Spectrum Read#7
H	0.037	0.276	0.035	0.273	0.037	0.183	0.068	0.257	0.036	0.278	0.036	0.274	Spectrum Read#7

Spectrum
Wavelength 8 (620 nm)
	1	2	3	4	5	6	7	8	9	10	11	12
A	0.248	0.037	0.238	0.035	0.224	0.037	0.248	0.035	0.234	0.036	0.227	0.035	Spectrum Read#8
B	0.037	0.216	0.035	0.246	0.035	0.226	0.037	0.249	0.035	0.241	0.035	0.220	Spectrum Read#8
C	0.197	0.035	0.250	0.035	0.231	0.036	0.224	0.061	0.258	0.037	0.222	0.035	Spectrum Read#8
D	0.035	0.232	0.035	0.226	0.035	0.246	0.038	0.225	0.035	0.233	0.035	0.220	Spectrum Read#8
E	0.202	0.035	0.227	0.039	0.257	0.035	0.242	0.035	0.257	0.035	0.230	0.035	Spectrum Read#8
F	0.036	0.214	0.035	0.220	0.036	0.235	0.036	0.220	0.036	0.233	0.037	0.211	Spectrum Read#8
G	0.225	0.036	0.250	0.035	0.242	0.036	0.225	0.035	0.230	0.035	0.236	0.036	Spectrum Read#8
H	0.037	0.235	0.035	0.229	0.037	0.072	0.065	0.201	0.036	0.237	0.036	0.237	Spectrum Read#8

Spectrum
Wavelength 9 (650 nm)
	1	2	3	4	5	6	7	8	9	10	11	12
A	0.339	0.035	0.322	0.034	0.299	0.036	0.338	0.034	0.314	0.035	0.304	0.034	Spectrum Read#9
B	0.036	0.280	0.034	0.337	0.034	0.297	0.036	0.341	0.034	0.327	0.034	0.291	Spectrum Read#9
C	0.246	0.034	0.338	0.034	0.309	0.034	0.294	0.058	0.354	0.036	0.292	0.034	Spectrum Read#9
D	0.034	0.309	0.034	0.299	0.034	0.333	0.037	0.296	0.034	0.310	0.034	0.290	Spectrum Read#9
E	0.257	0.034	0.298	0.038	0.352	0.034	0.327	0.034	0.351	0.034	0.307	0.034	Spectrum Read#9
F	0.035	0.280	0.034	0.288	0.035	0.316	0.035	0.289	0.034	0.310	0.035	0.275	Spectrum Read#9
G	0.297	0.034	0.347	0.034	0.334	0.035	0.297	0.034	0.309	0.035	0.319	0.035	Spectrum Read#9
H	0.036	0.320	0.034	0.307	0.036	0.050	0.061	0.255	0.035	0.320	0.035	0.323	Spectrum Read#9

Spectrum
Wavelength 10 (680 nm)
	1	2	3	4	5	6	7	8	9	10	11	12
A	0.120	0.036	0.115	0.034	0.110	0.036	0.121	0.034	0.114	0.035	0.112	0.034	Spectrum Read#10
B	0.036	0.106	0.034	0.119	0.034	0.111	0.036	0.121	0.034	0.117	0.034	0.108	Spectrum Read#10
C	0.098	0.034	0.121	0.034	0.113	0.034	0.110	0.056	0.126	0.036	0.109	0.034	Spectrum Read#10
D	0.034	0.114	0.034	0.110	0.034	0.120	0.037	0.111	0.034	0.115	0.034	0.108	Spectrum Read#10
E	0.100	0.034	0.112	0.038	0.125	0.034	0.119	0.034	0.126	0.034	0.113	0.034	Spectrum Read#10
F	0.035	0.106	0.034	0.109	0.035	0.115	0.035	0.108	0.034	0.114	0.036	0.105	Spectrum Read#10
G	0.110	0.035	0.121	0.034	0.118	0.035	0.112	0.034	0.115	0.035	0.116	0.035	Spectrum Read#10
H	0.036	0.116	0.034	0.113	0.036	0.043	0.059	0.101	0.035	0.116	0.035	0.117	Spectrum Read#10

