Spectrum
Wavelength 1 (530 nm)
	1	2	3	4	5	6	7	8	9	10	11	12
A	0.303	0.037	0.343	0.036	0.322	0.038	0.330	0.036	0.342	0.037	0.341	0.036	Spectrum Read#1
B	0.036	0.344	0.036	0.314	0.037	0.352	0.037	0.336	0.037	0.340	0.036	0.310	Spectrum Read#1
C	0.351	0.037	0.343	0.036	0.332	0.037	0.328	0.038	0.338	0.037	0.329	0.036	Spectrum Read#1
D	0.036	0.329	0.036	0.331	0.040	0.315	0.036	0.334	0.037	0.328	0.037	0.334	Spectrum Read#1
E	0.308	0.045	0.320	0.036	0.336	0.036	0.366	0.037	0.327	0.036	0.325	0.036	Spectrum Read#1
F	0.037	0.336	0.046	0.336	0.036	0.340	0.036	0.340	0.037	0.341	0.039	0.315	Spectrum Read#1
G	0.325	0.042	0.327	0.037	0.352	0.037	0.333	0.036	0.340	0.053	0.320	0.037	Spectrum Read#1
H	0.037	0.328	0.037	0.330	0.036	0.430	0.037	0.316	0.036	0.321	0.038	0.039	Spectrum Read#1

Spectrum
Wavelength 2 (545 nm)
	1	2	3	4	5	6	7	8	9	10	11	12
A	0.307	0.037	0.344	0.036	0.325	0.038	0.333	0.036	0.343	0.037	0.341	0.036	Spectrum Read#2
B	0.036	0.345	0.036	0.318	0.036	0.353	0.036	0.337	0.036	0.341	0.036	0.314	Spectrum Read#2
C	0.351	0.036	0.344	0.036	0.334	0.036	0.330	0.038	0.339	0.036	0.331	0.036	Spectrum Read#2
D	0.036	0.331	0.036	0.333	0.040	0.319	0.036	0.336	0.036	0.331	0.037	0.336	Spectrum Read#2
E	0.312	0.044	0.324	0.036	0.337	0.036	0.364	0.036	0.330	0.036	0.328	0.036	Spectrum Read#2
F	0.036	0.338	0.045	0.338	0.036	0.341	0.036	0.341	0.036	0.342	0.039	0.318	Spectrum Read#2
G	0.328	0.042	0.330	0.036	0.352	0.036	0.335	0.036	0.341	0.052	0.323	0.036	Spectrum Read#2
H	0.037	0.330	0.037	0.332	0.036	0.414	0.036	0.319	0.035	0.324	0.038	0.038	Spectrum Read#2

Spectrum
Wavelength 3 (560 nm)
	1	2	3	4	5	6	7	8	9	10	11	12
A	0.305	0.037	0.335	0.036	0.322	0.038	0.328	0.036	0.336	0.037	0.333	0.036	Spectrum Read#3
B	0.036	0.336	0.036	0.319	0.036	0.343	0.036	0.329	0.036	0.332	0.036	0.311	Spectrum Read#3
C	0.338	0.036	0.336	0.035	0.328	0.036	0.324	0.038	0.332	0.036	0.325	0.036	Spectrum Read#3
D	0.036	0.326	0.036	0.328	0.039	0.320	0.036	0.330	0.036	0.326	0.036	0.328	Spectrum Read#3
E	0.309	0.044	0.320	0.036	0.331	0.036	0.349	0.036	0.326	0.036	0.323	0.036	Spectrum Read#3
F	0.036	0.330	0.045	0.331	0.036	0.334	0.036	0.332	0.036	0.333	0.038	0.314	Spectrum Read#3
G	0.325	0.041	0.325	0.036	0.339	0.036	0.328	0.036	0.332	0.052	0.319	0.036	Spectrum Read#3
H	0.037	0.324	0.037	0.327	0.036	0.372	0.036	0.316	0.036	0.320	0.038	0.039	Spectrum Read#3

Spectrum
Wavelength 4 (575 nm)
	1	2	3	4	5	6	7	8	9	10	11	12
A	0.282	0.037	0.304	0.036	0.298	0.038	0.300	0.036	0.306	0.037	0.301	0.035	Spectrum Read#4
B	0.036	0.305	0.036	0.300	0.036	0.309	0.036	0.299	0.036	0.300	0.036	0.287	Spectrum Read#4
C	0.300	0.036	0.304	0.036	0.300	0.036	0.296	0.037	0.301	0.036	0.296	0.036	Spectrum Read#4
D	0.036	0.298	0.036	0.302	0.039	0.300	0.036	0.300	0.036	0.300	0.037	0.299	Spectrum Read#4
E	0.285	0.043	0.294	0.036	0.303	0.036	0.309	0.036	0.301	0.036	0.295	0.036	Spectrum Read#4
F	0.036	0.300	0.045	0.301	0.036	0.303	0.036	0.300	0.036	0.302	0.038	0.288	Spectrum Read#4
G	0.300	0.041	0.298	0.036	0.302	0.036	0.298	0.036	0.300	0.051	0.293	0.036	Spectrum Read#4
H	0.037	0.296	0.037	0.300	0.036	0.298	0.036	0.292	0.035	0.295	0.038	0.038	Spectrum Read#4

Spectrum
Wavelength 5 (590 nm)
	1	2	3	4	5	6	7	8	9	10	11	12
A	0.275	0.036	0.282	0.036	0.291	0.037	0.287	0.035	0.288	0.036	0.277	0.035	Spectrum Read#5
B	0.035	0.281	0.035	0.303	0.035	0.281	0.036	0.277	0.036	0.277	0.035	0.278	Spectrum Read#5
C	0.262	0.036	0.280	0.035	0.284	0.036	0.280	0.037	0.279	0.036	0.279	0.035	Spectrum Read#5
D	0.035	0.284	0.035	0.289	0.039	0.304	0.035	0.282	0.036	0.289	0.036	0.279	Spectrum Read#5
E	0.277	0.043	0.284	0.035	0.286	0.036	0.266	0.035	0.291	0.036	0.281	0.035	Spectrum Read#5
F	0.035	0.279	0.044	0.280	0.035	0.282	0.035	0.276	0.036	0.278	0.038	0.275	Spectrum Read#5
G	0.291	0.041	0.284	0.036	0.265	0.035	0.279	0.035	0.274	0.050	0.281	0.036	Spectrum Read#5
H	0.036	0.281	0.036	0.286	0.035	0.186	0.036	0.285	0.035	0.286	0.037	0.038	Spectrum Read#5

Spectrum
Wavelength 6 (605 nm)
	1	2	3	4	5	6	7	8	9	10	11	12
A	0.280	0.037	0.274	0.036	0.296	0.037	0.287	0.036	0.283	0.036	0.268	0.035	Spectrum Read#6
B	0.036	0.273	0.036	0.317	0.036	0.269	0.036	0.270	0.036	0.268	0.036	0.281	Spectrum Read#6
C	0.241	0.036	0.272	0.036	0.282	0.036	0.278	0.037	0.272	0.036	0.275	0.035	Spectrum Read#6
D	0.036	0.283	0.036	0.290	0.039	0.318	0.036	0.277	0.036	0.291	0.036	0.273	Spectrum Read#6
E	0.281	0.043	0.286	0.036	0.283	0.036	0.241	0.036	0.293	0.036	0.279	0.036	Spectrum Read#6
F	0.036	0.272	0.044	0.275	0.036	0.275	0.036	0.267	0.036	0.269	0.038	0.275	Spectrum Read#6
G	0.295	0.041	0.283	0.036	0.245	0.036	0.273	0.036	0.263	0.049	0.283	0.036	Spectrum Read#6
H	0.037	0.279	0.037	0.284	0.036	0.107	0.036	0.289	0.036	0.289	0.038	0.038	Spectrum Read#6

Spectrum
Wavelength 7 (620 nm)
	1	2	3	4	5	6	7	8	9	10	11	12
A	0.236	0.036	0.231	0.035	0.250	0.037	0.242	0.035	0.239	0.036	0.226	0.035	Spectrum Read#7
B	0.035	0.230	0.035	0.270	0.035	0.226	0.036	0.227	0.035	0.225	0.035	0.236	Spectrum Read#7
C	0.201	0.035	0.228	0.035	0.238	0.036	0.234	0.037	0.229	0.035	0.232	0.035	Spectrum Read#7
D	0.035	0.239	0.035	0.245	0.038	0.270	0.035	0.234	0.035	0.246	0.036	0.231	Spectrum Read#7
E	0.237	0.042	0.240	0.035	0.240	0.035	0.201	0.035	0.248	0.036	0.235	0.035	Spectrum Read#7
F	0.035	0.229	0.043	0.231	0.035	0.232	0.035	0.224	0.036	0.226	0.038	0.232	Spectrum Read#7
G	0.250	0.040	0.239	0.036	0.205	0.035	0.231	0.035	0.222	0.049	0.239	0.035	Spectrum Read#7
H	0.037	0.235	0.036	0.241	0.035	0.073	0.035	0.245	0.035	0.245	0.037	0.037	Spectrum Read#7

Spectrum
Wavelength 8 (635 nm)
	1	2	3	4	5	6	7	8	9	10	11	12
A	0.244	0.036	0.234	0.035	0.258	0.036	0.248	0.035	0.243	0.035	0.229	0.035	Spectrum Read#8
B	0.035	0.233	0.035	0.280	0.035	0.229	0.035	0.231	0.035	0.228	0.035	0.244	Spectrum Read#8
C	0.201	0.035	0.232	0.035	0.243	0.035	0.239	0.036	0.232	0.035	0.237	0.034	Spectrum Read#8
D	0.035	0.245	0.034	0.251	0.038	0.280	0.035	0.238	0.035	0.252	0.035	0.235	Spectrum Read#8
E	0.245	0.041	0.248	0.035	0.245	0.035	0.199	0.035	0.255	0.035	0.241	0.035	Spectrum Read#8
F	0.035	0.233	0.042	0.236	0.035	0.235	0.035	0.228	0.035	0.229	0.037	0.239	Spectrum Read#8
G	0.257	0.039	0.245	0.035	0.205	0.035	0.235	0.035	0.225	0.047	0.246	0.035	Spectrum Read#8
H	0.036	0.241	0.036	0.246	0.035	0.059	0.035	0.253	0.034	0.252	0.037	0.037	Spectrum Read#8

Spectrum
Wavelength 9 (650 nm)
	1	2	3	4	5	6	7	8	9	10	11	12
A	0.327	0.035	0.303	0.035	0.342	0.036	0.326	0.034	0.317	0.035	0.295	0.034	Spectrum Read#9
B	0.034	0.302	0.034	0.374	0.035	0.293	0.035	0.300	0.035	0.296	0.034	0.325	Spectrum Read#9
C	0.255	0.035	0.301	0.035	0.319	0.035	0.313	0.036	0.302	0.035	0.309	0.034	Spectrum Read#9
D	0.034	0.321	0.034	0.330	0.037	0.374	0.035	0.311	0.035	0.332	0.035	0.305	Spectrum Read#9
E	0.326	0.041	0.330	0.035	0.319	0.035	0.249	0.034	0.336	0.035	0.317	0.034	Spectrum Read#9
F	0.035	0.303	0.042	0.307	0.034	0.306	0.034	0.295	0.035	0.296	0.037	0.315	Spectrum Read#9
G	0.340	0.039	0.323	0.035	0.260	0.034	0.306	0.035	0.289	0.047	0.324	0.034	Spectrum Read#9
H	0.036	0.315	0.035	0.323	0.035	0.052	0.035	0.334	0.034	0.332	0.036	0.299	Spectrum Read#9

Spectrum
Wavelength 10 (665 nm)
	1	2	3	4	5	6	7	8	9	10	11	12
A	0.254	0.035	0.239	0.034	0.266	0.036	0.255	0.034	0.249	0.035	0.233	0.034	Spectrum Read#10
B	0.034	0.238	0.034	0.289	0.034	0.232	0.035	0.236	0.035	0.234	0.034	0.254	Spectrum Read#10
C	0.203	0.034	0.237	0.034	0.250	0.035	0.245	0.035	0.237	0.034	0.242	0.034	Spectrum Read#10
D	0.034	0.252	0.034	0.258	0.037	0.289	0.035	0.244	0.035	0.259	0.035	0.240	Spectrum Read#10
E	0.253	0.040	0.258	0.034	0.250	0.035	0.200	0.034	0.262	0.035	0.248	0.034	Spectrum Read#10
F	0.034	0.239	0.041	0.241	0.034	0.241	0.034	0.233	0.035	0.234	0.037	0.246	Spectrum Read#10
G	0.265	0.039	0.253	0.035	0.207	0.035	0.241	0.035	0.228	0.046	0.253	0.034	Spectrum Read#10
H	0.036	0.247	0.035	0.253	0.035	0.047	0.034	0.260	0.034	0.259	0.036	0.036	Spectrum Read#10

Spectrum
Wavelength 11 (680 nm)
	1	2	3	4	5	6	7	8	9	10	11	12
A	0.116	0.035	0.112	0.034	0.121	0.035	0.118	0.034	0.116	0.035	0.111	0.034	Spectrum Read#11
B	0.034	0.112	0.034	0.129	0.034	0.111	0.034	0.111	0.034	0.110	0.034	0.116	Spectrum Read#11
C	0.100	0.034	0.112	0.034	0.116	0.034	0.115	0.035	0.112	0.034	0.113	0.034	Spectrum Read#11
D	0.034	0.117	0.034	0.119	0.037	0.130	0.034	0.114	0.034	0.119	0.035	0.113	Spectrum Read#11
E	0.116	0.040	0.117	0.034	0.117	0.034	0.100	0.034	0.120	0.034	0.116	0.034	Spectrum Read#11
F	0.034	0.113	0.041	0.113	0.034	0.114	0.034	0.110	0.034	0.111	0.036	0.114	Spectrum Read#11
G	0.121	0.038	0.117	0.034	0.101	0.034	0.113	0.034	0.109	0.045	0.117	0.034	Spectrum Read#11
H	0.036	0.115	0.035	0.117	0.034	0.043	0.034	0.120	0.034	0.119	0.036	0.036	Spectrum Read#11

