Spectrum
Wavelength 1 (410 nm)
	1	2	3	4	5	6	7	8	9	10	11	12
A	0.262	0.038	0.256	0.041	0.264	0.041	0.269	0.043	0.260	0.041	0.253	0.041	Spectrum Read#1
B	0.037	0.259	0.041	0.266	0.041	0.266	0.042	0.268	0.041	0.261	0.042	0.260	Spectrum Read#1
C	0.257	0.041	0.266	0.041	0.262	0.043	0.271	0.043	0.265	0.043	0.262	0.041	Spectrum Read#1
D	0.041	0.261	0.041	0.264	0.041	0.265	0.056	0.267	0.042	0.264	0.042	0.259	Spectrum Read#1
E	0.260	0.043	0.264	0.043	0.267	0.042	0.310	0.043	0.269	0.042	0.262	0.042	Spectrum Read#1
F	0.041	0.252	0.044	0.257	0.041	0.261	0.041	0.255	0.041	0.255	0.042	0.254	Spectrum Read#1
G	0.269	0.043	0.257	0.041	0.261	0.045	0.262	0.042	0.257	0.042	0.251	0.042	Spectrum Read#1
H	0.041	0.263	0.041	0.257	0.042	0.261	0.042	0.253	0.041	0.256	0.042	0.251	Spectrum Read#1

Spectrum
Wavelength 2 (440 nm)
	1	2	3	4	5	6	7	8	9	10	11	12
A	0.246	0.037	0.243	0.037	0.248	0.038	0.252	0.040	0.244	0.038	0.238	0.038	Spectrum Read#2
B	0.036	0.242	0.038	0.249	0.038	0.249	0.038	0.252	0.038	0.245	0.038	0.243	Spectrum Read#2
C	0.246	0.038	0.248	0.038	0.245	0.040	0.254	0.041	0.249	0.040	0.244	0.038	Spectrum Read#2
D	0.038	0.244	0.038	0.246	0.038	0.248	0.052	0.250	0.038	0.247	0.039	0.243	Spectrum Read#2
E	0.244	0.040	0.247	0.040	0.250	0.039	0.293	0.040	0.251	0.039	0.246	0.038	Spectrum Read#2
F	0.038	0.235	0.041	0.241	0.038	0.243	0.038	0.240	0.038	0.238	0.039	0.238	Spectrum Read#2
G	0.257	0.039	0.240	0.038	0.243	0.042	0.244	0.039	0.239	0.038	0.234	0.038	Spectrum Read#2
H	0.038	0.247	0.038	0.240	0.039	0.246	0.038	0.237	0.038	0.240	0.039	0.235	Spectrum Read#2

Spectrum
Wavelength 3 (470 nm)
	1	2	3	4	5	6	7	8	9	10	11	12
A	0.248	0.036	0.262	0.036	0.255	0.036	0.254	0.039	0.248	0.037	0.246	0.037	Spectrum Read#3
B	0.035	0.246	0.037	0.257	0.037	0.254	0.038	0.256	0.037	0.248	0.037	0.249	Spectrum Read#3
C	0.271	0.036	0.250	0.037	0.252	0.038	0.257	0.040	0.255	0.038	0.247	0.037	Spectrum Read#3
D	0.037	0.245	0.037	0.250	0.037	0.254	0.050	0.252	0.037	0.252	0.037	0.245	Spectrum Read#3
E	0.248	0.038	0.255	0.038	0.253	0.038	0.297	0.038	0.254	0.038	0.256	0.037	Spectrum Read#3
F	0.037	0.240	0.039	0.254	0.037	0.246	0.037	0.252	0.036	0.246	0.038	0.248	Spectrum Read#3
G	0.278	0.038	0.245	0.036	0.246	0.040	0.249	0.037	0.243	0.037	0.240	0.037	Spectrum Read#3
H	0.037	0.254	0.037	0.245	0.038	0.255	0.037	0.242	0.037	0.247	0.038	0.238	Spectrum Read#3

Spectrum
Wavelength 4 (500 nm)
	1	2	3	4	5	6	7	8	9	10	11	12
A	0.292	0.035	0.330	0.035	0.306	0.035	0.297	0.037	0.294	0.036	0.296	0.036	Spectrum Read#4
B	0.034	0.293	0.036	0.309	0.036	0.302	0.036	0.303	0.036	0.294	0.037	0.299	Spectrum Read#4
C	0.342	0.035	0.295	0.036	0.302	0.037	0.303	0.038	0.306	0.037	0.290	0.036	Spectrum Read#4
D	0.035	0.288	0.036	0.297	0.036	0.303	0.048	0.296	0.036	0.299	0.037	0.289	Spectrum Read#4
E	0.296	0.037	0.309	0.037	0.298	0.037	0.344	0.037	0.298	0.037	0.310	0.036	Spectrum Read#4
F	0.036	0.287	0.038	0.313	0.036	0.289	0.036	0.310	0.036	0.298	0.037	0.302	Spectrum Read#4
G	0.349	0.037	0.291	0.036	0.291	0.039	0.297	0.037	0.288	0.036	0.288	0.036	Spectrum Read#4
H	0.036	0.305	0.036	0.291	0.037	0.308	0.036	0.290	0.036	0.297	0.037	0.281	Spectrum Read#4

Spectrum
Wavelength 5 (530 nm)
	1	2	3	4	5	6	7	8	9	10	11	12
A	0.339	0.035	0.390	0.035	0.359	0.035	0.343	0.037	0.342	0.036	0.346	0.035	Spectrum Read#5
B	0.035	0.342	0.035	0.362	0.036	0.352	0.036	0.352	0.036	0.341	0.036	0.350	Spectrum Read#5
C	0.403	0.035	0.344	0.036	0.353	0.037	0.352	0.038	0.356	0.037	0.337	0.035	Spectrum Read#5
D	0.035	0.335	0.035	0.346	0.036	0.354	0.046	0.342	0.036	0.348	0.036	0.335	Spectrum Read#5
E	0.346	0.037	0.363	0.037	0.347	0.037	0.391	0.037	0.346	0.037	0.364	0.036	Spectrum Read#5
F	0.036	0.337	0.038	0.370	0.036	0.337	0.036	0.365	0.035	0.350	0.036	0.355	Spectrum Read#5
G	0.409	0.036	0.340	0.035	0.340	0.038	0.347	0.036	0.336	0.036	0.337	0.036	Spectrum Read#5
H	0.036	0.357	0.036	0.340	0.036	0.361	0.036	0.340	0.036	0.348	0.037	0.327	Spectrum Read#5

Spectrum
Wavelength 6 (560 nm)
	1	2	3	4	5	6	7	8	9	10	11	12
A	0.336	0.035	0.363	0.035	0.350	0.035	0.342	0.037	0.336	0.036	0.336	0.035	Spectrum Read#6
B	0.034	0.336	0.035	0.352	0.035	0.346	0.036	0.346	0.036	0.337	0.036	0.342	Spectrum Read#6
C	0.367	0.035	0.342	0.036	0.345	0.036	0.346	0.038	0.348	0.037	0.334	0.035	Spectrum Read#6
D	0.035	0.335	0.035	0.342	0.035	0.347	0.045	0.339	0.036	0.342	0.036	0.332	Spectrum Read#6
E	0.340	0.037	0.354	0.037	0.344	0.037	0.392	0.037	0.343	0.037	0.352	0.035	Spectrum Read#6
F	0.035	0.333	0.038	0.355	0.035	0.335	0.035	0.351	0.035	0.341	0.036	0.343	Spectrum Read#6
G	0.378	0.036	0.336	0.035	0.338	0.038	0.343	0.036	0.333	0.036	0.331	0.036	Spectrum Read#6
H	0.036	0.348	0.036	0.336	0.036	0.349	0.036	0.333	0.036	0.339	0.036	0.325	Spectrum Read#6

Spectrum
Wavelength 7 (590 nm)
	1	2	3	4	5	6	7	8	9	10	11	12
A	0.290	0.035	0.253	0.035	0.285	0.035	0.301	0.037	0.285	0.035	0.271	0.035	Spectrum Read#7
B	0.034	0.284	0.035	0.286	0.035	0.293	0.036	0.295	0.035	0.288	0.036	0.282	Spectrum Read#7
C	0.237	0.035	0.298	0.035	0.284	0.036	0.295	0.038	0.286	0.037	0.290	0.035	Spectrum Read#7
D	0.035	0.296	0.035	0.293	0.035	0.289	0.044	0.295	0.036	0.289	0.036	0.287	Spectrum Read#7
E	0.287	0.036	0.286	0.036	0.297	0.037	0.345	0.036	0.297	0.036	0.277	0.035	Spectrum Read#7
F	0.035	0.281	0.038	0.272	0.035	0.292	0.035	0.269	0.035	0.277	0.036	0.271	Spectrum Read#7
G	0.257	0.036	0.285	0.035	0.292	0.037	0.290	0.036	0.285	0.035	0.276	0.036	Spectrum Read#7
H	0.036	0.285	0.035	0.285	0.036	0.279	0.036	0.278	0.035	0.277	0.036	0.282	Spectrum Read#7

Spectrum
Wavelength 8 (620 nm)
	1	2	3	4	5	6	7	8	9	10	11	12
A	0.242	0.035	0.174	0.035	0.228	0.035	0.254	0.036	0.235	0.035	0.215	0.035	Spectrum Read#8
B	0.034	0.233	0.035	0.228	0.035	0.240	0.035	0.244	0.035	0.238	0.036	0.227	Spectrum Read#8
C	0.150	0.035	0.249	0.035	0.228	0.036	0.243	0.037	0.230	0.037	0.243	0.035	Spectrum Read#8
D	0.035	0.250	0.035	0.242	0.035	0.234	0.043	0.247	0.035	0.237	0.036	0.240	Spectrum Read#8
E	0.234	0.036	0.226	0.036	0.247	0.036	0.295	0.036	0.248	0.036	0.215	0.035	Spectrum Read#8
F	0.035	0.230	0.037	0.204	0.035	0.244	0.035	0.204	0.035	0.220	0.035	0.210	Spectrum Read#8
G	0.173	0.036	0.233	0.035	0.242	0.037	0.237	0.035	0.236	0.035	0.223	0.035	Spectrum Read#8
H	0.036	0.228	0.035	0.234	0.036	0.220	0.035	0.225	0.035	0.221	0.036	0.235	Spectrum Read#8

Spectrum
Wavelength 9 (650 nm)
	1	2	3	4	5	6	7	8	9	10	11	12
A	0.323	0.034	0.205	0.034	0.297	0.034	0.342	0.036	0.311	0.035	0.278	0.034	Spectrum Read#9
B	0.034	0.310	0.034	0.296	0.034	0.318	0.035	0.324	0.035	0.318	0.035	0.297	Spectrum Read#9
C	0.171	0.034	0.336	0.035	0.300	0.035	0.321	0.037	0.300	0.036	0.326	0.035	Spectrum Read#9
D	0.034	0.340	0.035	0.325	0.034	0.309	0.042	0.331	0.035	0.314	0.035	0.321	Spectrum Read#9
E	0.311	0.035	0.295	0.035	0.332	0.036	0.382	0.035	0.332	0.035	0.275	0.034	Spectrum Read#9
F	0.034	0.309	0.037	0.259	0.034	0.330	0.034	0.257	0.034	0.289	0.035	0.270	Spectrum Read#9
G	0.199	0.035	0.312	0.034	0.328	0.036	0.318	0.035	0.317	0.035	0.296	0.035	Spectrum Read#9
H	0.035	0.297	0.034	0.312	0.035	0.282	0.034	0.298	0.035	0.288	0.035	0.316	Spectrum Read#9

Spectrum
Wavelength 10 (680 nm)
	1	2	3	4	5	6	7	8	9	10	11	12
A	0.118	0.034	0.086	0.034	0.112	0.034	0.123	0.035	0.115	0.034	0.107	0.034	Spectrum Read#10
B	0.033	0.114	0.034	0.112	0.034	0.117	0.034	0.118	0.034	0.116	0.035	0.113	Spectrum Read#10
C	0.075	0.034	0.121	0.034	0.112	0.034	0.120	0.037	0.113	0.035	0.118	0.034	Spectrum Read#10
D	0.034	0.122	0.034	0.118	0.034	0.115	0.042	0.121	0.035	0.117	0.035	0.117	Spectrum Read#10
E	0.115	0.035	0.112	0.035	0.120	0.035	0.170	0.035	0.123	0.035	0.109	0.034	Spectrum Read#10
F	0.034	0.113	0.036	0.102	0.034	0.120	0.034	0.102	0.034	0.109	0.034	0.104	Spectrum Read#10
G	0.087	0.035	0.115	0.034	0.119	0.036	0.116	0.034	0.116	0.034	0.111	0.034	Spectrum Read#10
H	0.035	0.112	0.034	0.115	0.035	0.108	0.034	0.112	0.034	0.109	0.035	0.117	Spectrum Read#10

