Spectrum
Wavelength 1 (410 nm)
	1	2	3	4	5	6	7	8	9	10	11	12
A	0.263	0.041	0.263	0.041	0.259	0.042	0.262	0.041	0.262	0.042	0.260	0.041	Spectrum Read#1
B	0.041	0.264	0.041	0.266	0.041	0.266	0.041	0.265	0.042	0.258	0.041	0.256	Spectrum Read#1
C	0.261	0.044	0.266	0.042	0.267	0.042	0.262	0.043	0.261	0.042	0.260	0.042	Spectrum Read#1
D	0.042	0.253	0.041	0.270	0.041	0.266	0.041	0.268	0.043	0.262	0.042	0.259	Spectrum Read#1
E	0.261	0.042	0.272	0.041	0.261	0.093	0.266	0.042	0.248	0.043	0.260	0.042	Spectrum Read#1
F	0.043	0.262	0.041	0.260	0.094	0.265	0.044	0.264	0.043	0.260	0.043	0.252	Spectrum Read#1
G	0.260	0.042	0.262	0.042	0.263	0.043	0.264	0.041	0.259	0.043	0.258	0.042	Spectrum Read#1
H	0.042	0.256	0.041	0.260	0.042	0.259	0.042	0.255	0.041	0.241	0.042	0.255	Spectrum Read#1

Spectrum
Wavelength 2 (440 nm)
	1	2	3	4	5	6	7	8	9	10	11	12
A	0.246	0.039	0.247	0.038	0.243	0.040	0.246	0.038	0.245	0.039	0.244	0.038	Spectrum Read#2
B	0.038	0.246	0.039	0.249	0.038	0.249	0.038	0.248	0.040	0.242	0.038	0.239	Spectrum Read#2
C	0.244	0.041	0.248	0.039	0.250	0.039	0.245	0.040	0.244	0.039	0.244	0.039	Spectrum Read#2
D	0.039	0.238	0.038	0.252	0.038	0.249	0.039	0.251	0.041	0.245	0.039	0.243	Spectrum Read#2
E	0.245	0.039	0.255	0.039	0.246	0.088	0.249	0.040	0.244	0.040	0.243	0.039	Spectrum Read#2
F	0.040	0.245	0.038	0.243	0.089	0.248	0.042	0.248	0.040	0.243	0.041	0.236	Spectrum Read#2
G	0.244	0.039	0.246	0.040	0.247	0.040	0.248	0.038	0.243	0.041	0.242	0.038	Spectrum Read#2
H	0.040	0.239	0.039	0.243	0.039	0.242	0.039	0.240	0.038	0.238	0.039	0.239	Spectrum Read#2

Spectrum
Wavelength 3 (470 nm)
	1	2	3	4	5	6	7	8	9	10	11	12
A	0.251	0.038	0.248	0.036	0.244	0.039	0.249	0.037	0.248	0.038	0.245	0.036	Spectrum Read#3
B	0.036	0.246	0.037	0.251	0.037	0.247	0.037	0.250	0.038	0.246	0.037	0.237	Spectrum Read#3
C	0.245	0.039	0.246	0.037	0.249	0.037	0.244	0.038	0.243	0.037	0.249	0.037	Spectrum Read#3
D	0.037	0.245	0.037	0.249	0.037	0.252	0.037	0.249	0.039	0.243	0.037	0.243	Spectrum Read#3
E	0.248	0.037	0.252	0.037	0.252	0.083	0.253	0.038	0.283	0.038	0.245	0.037	Spectrum Read#3
F	0.038	0.245	0.037	0.245	0.084	0.249	0.040	0.248	0.038	0.244	0.039	0.237	Spectrum Read#3
G	0.247	0.037	0.247	0.038	0.250	0.038	0.250	0.037	0.244	0.039	0.240	0.037	Spectrum Read#3
H	0.039	0.244	0.037	0.246	0.038	0.242	0.037	0.243	0.037	0.276	0.037	0.240	Spectrum Read#3

Spectrum
Wavelength 4 (500 nm)
	1	2	3	4	5	6	7	8	9	10	11	12
A	0.299	0.037	0.291	0.036	0.286	0.037	0.294	0.036	0.293	0.037	0.288	0.035	Spectrum Read#4
B	0.035	0.286	0.036	0.295	0.036	0.286	0.036	0.294	0.037	0.293	0.036	0.272	Spectrum Read#4
C	0.287	0.038	0.282	0.036	0.289	0.036	0.282	0.037	0.280	0.036	0.296	0.036	Spectrum Read#4
D	0.036	0.295	0.036	0.285	0.036	0.296	0.036	0.287	0.038	0.279	0.036	0.281	Spectrum Read#4
E	0.293	0.036	0.287	0.036	0.303	0.077	0.298	0.037	0.371	0.037	0.286	0.036	Spectrum Read#4
F	0.036	0.284	0.036	0.287	0.079	0.291	0.039	0.287	0.037	0.286	0.038	0.277	Spectrum Read#4
G	0.291	0.037	0.289	0.037	0.293	0.037	0.291	0.036	0.285	0.038	0.275	0.036	Spectrum Read#4
H	0.038	0.289	0.036	0.289	0.037	0.281	0.036	0.288	0.036	0.361	0.036	0.279	Spectrum Read#4

Spectrum
Wavelength 5 (530 nm)
	1	2	3	4	5	6	7	8	9	10	11	12
A	0.349	0.037	0.337	0.035	0.332	0.037	0.340	0.036	0.341	0.036	0.334	0.035	Spectrum Read#5
B	0.035	0.330	0.036	0.341	0.036	0.329	0.036	0.340	0.037	0.341	0.036	0.313	Spectrum Read#5
C	0.332	0.038	0.324	0.036	0.334	0.036	0.326	0.037	0.323	0.036	0.344	0.036	Spectrum Read#5
D	0.036	0.345	0.036	0.327	0.036	0.343	0.036	0.329	0.038	0.321	0.036	0.324	Spectrum Read#5
E	0.341	0.036	0.328	0.036	0.353	0.073	0.346	0.037	0.440	0.037	0.332	0.036	Spectrum Read#5
F	0.036	0.329	0.036	0.333	0.075	0.336	0.038	0.331	0.037	0.332	0.038	0.322	Spectrum Read#5
G	0.339	0.036	0.335	0.037	0.340	0.037	0.336	0.035	0.330	0.038	0.316	0.036	Spectrum Read#5
H	0.038	0.338	0.036	0.336	0.037	0.325	0.036	0.335	0.036	0.429	0.036	0.322	Spectrum Read#5

Spectrum
Wavelength 6 (560 nm)
	1	2	3	4	5	6	7	8	9	10	11	12
A	0.342	0.037	0.335	0.036	0.330	0.037	0.336	0.036	0.337	0.037	0.330	0.035	Spectrum Read#6
B	0.035	0.331	0.036	0.338	0.036	0.331	0.036	0.337	0.037	0.335	0.036	0.317	Spectrum Read#6
C	0.330	0.038	0.328	0.036	0.334	0.036	0.327	0.037	0.324	0.036	0.337	0.036	Spectrum Read#6
D	0.036	0.336	0.036	0.331	0.036	0.339	0.036	0.331	0.038	0.324	0.036	0.324	Spectrum Read#6
E	0.336	0.036	0.332	0.036	0.343	0.070	0.340	0.037	0.382	0.037	0.330	0.036	Spectrum Read#6
F	0.036	0.330	0.036	0.331	0.071	0.334	0.038	0.330	0.037	0.330	0.037	0.321	Spectrum Read#6
G	0.335	0.036	0.333	0.037	0.336	0.037	0.334	0.036	0.328	0.038	0.319	0.036	Spectrum Read#6
H	0.038	0.333	0.036	0.333	0.037	0.325	0.036	0.330	0.037	0.371	0.037	0.322	Spectrum Read#6

Spectrum
Wavelength 7 (590 nm)
	1	2	3	4	5	6	7	8	9	10	11	12
A	0.287	0.036	0.294	0.035	0.289	0.036	0.288	0.036	0.289	0.036	0.286	0.035	Spectrum Read#7
B	0.035	0.298	0.035	0.294	0.035	0.301	0.035	0.294	0.036	0.281	0.036	0.293	Spectrum Read#7
C	0.291	0.037	0.305	0.035	0.301	0.036	0.298	0.036	0.295	0.036	0.283	0.036	Spectrum Read#7
D	0.036	0.275	0.035	0.309	0.035	0.292	0.035	0.302	0.037	0.298	0.036	0.292	Spectrum Read#7
E	0.287	0.036	0.309	0.035	0.281	0.066	0.289	0.037	0.193	0.036	0.290	0.035	Spectrum Read#7
F	0.036	0.297	0.035	0.290	0.067	0.295	0.037	0.295	0.036	0.290	0.037	0.283	Spectrum Read#7
G	0.288	0.036	0.293	0.036	0.290	0.036	0.292	0.035	0.289	0.037	0.295	0.035	Spectrum Read#7
H	0.038	0.282	0.035	0.289	0.037	0.292	0.036	0.281	0.036	0.184	0.036	0.287	Spectrum Read#7

Spectrum
Wavelength 8 (620 nm)
	1	2	3	4	5	6	7	8	9	10	11	12
A	0.234	0.035	0.248	0.035	0.243	0.036	0.238	0.035	0.240	0.035	0.239	0.035	Spectrum Read#8
B	0.034	0.255	0.035	0.246	0.035	0.259	0.035	0.246	0.036	0.230	0.035	0.256	Spectrum Read#8
C	0.245	0.036	0.266	0.035	0.258	0.035	0.257	0.036	0.255	0.035	0.231	0.035	Spectrum Read#8
D	0.035	0.220	0.035	0.272	0.035	0.243	0.035	0.261	0.036	0.259	0.035	0.250	Spectrum Read#8
E	0.237	0.035	0.271	0.034	0.225	0.062	0.239	0.036	0.077	0.035	0.244	0.035	Spectrum Read#8
F	0.035	0.254	0.035	0.243	0.064	0.249	0.037	0.252	0.036	0.245	0.036	0.239	Spectrum Read#8
G	0.239	0.035	0.248	0.035	0.242	0.036	0.246	0.035	0.245	0.037	0.257	0.035	Spectrum Read#8
H	0.037	0.231	0.035	0.242	0.036	0.250	0.035	0.232	0.036	0.071	0.035	0.245	Spectrum Read#8

Spectrum
Wavelength 9 (650 nm)
	1	2	3	4	5	6	7	8	9	10	11	12
A	0.310	0.035	0.335	0.034	0.328	0.035	0.318	0.034	0.322	0.035	0.320	0.034	Spectrum Read#9
B	0.034	0.350	0.034	0.331	0.034	0.356	0.034	0.332	0.035	0.305	0.034	0.355	Spectrum Read#9
C	0.332	0.036	0.369	0.034	0.354	0.034	0.353	0.035	0.350	0.035	0.305	0.034	Spectrum Read#9
D	0.035	0.289	0.034	0.377	0.034	0.325	0.034	0.358	0.036	0.356	0.034	0.341	Spectrum Read#9
E	0.317	0.035	0.373	0.034	0.293	0.059	0.317	0.035	0.055	0.035	0.331	0.034	Spectrum Read#9
F	0.035	0.348	0.034	0.330	0.060	0.337	0.036	0.341	0.035	0.332	0.036	0.326	Spectrum Read#9
G	0.321	0.035	0.336	0.035	0.324	0.035	0.331	0.034	0.331	0.036	0.354	0.034	Spectrum Read#9
H	0.037	0.309	0.034	0.326	0.036	0.343	0.035	0.309	0.035	0.049	0.035	0.331	Spectrum Read#9

Spectrum
Wavelength 10 (680 nm)
	1	2	3	4	5	6	7	8	9	10	11	12
A	0.114	0.035	0.120	0.034	0.119	0.035	0.117	0.034	0.117	0.035	0.118	0.033	Spectrum Read#10
B	0.034	0.124	0.034	0.121	0.034	0.126	0.034	0.121	0.035	0.114	0.034	0.124	Spectrum Read#10
C	0.119	0.036	0.129	0.034	0.126	0.034	0.125	0.035	0.124	0.034	0.113	0.034	Spectrum Read#10
D	0.034	0.108	0.034	0.131	0.034	0.121	0.034	0.128	0.036	0.126	0.034	0.122	Spectrum Read#10
E	0.115	0.034	0.133	0.034	0.112	0.057	0.118	0.035	0.043	0.035	0.119	0.034	Spectrum Read#10
F	0.034	0.123	0.034	0.118	0.058	0.122	0.036	0.123	0.035	0.119	0.035	0.117	Spectrum Read#10
G	0.117	0.035	0.121	0.035	0.119	0.035	0.121	0.034	0.120	0.036	0.125	0.034	Spectrum Read#10
H	0.036	0.115	0.034	0.119	0.035	0.122	0.034	0.114	0.035	0.042	0.034	0.121	Spectrum Read#10

