Spectrum
Wavelength 1 (410 nm)
	1	2	3	4	5	6	7	8	9	10	11	12
A	0.196	0.039	0.193	0.039	0.196	0.040	0.197	0.040	0.196	0.040	0.192	0.041	Spectrum Read#1
B	0.040	0.200	0.040	0.198	0.040	0.200	0.040	0.200	0.039	0.198	0.039	0.195	Spectrum Read#1
C	0.199	0.041	0.207	0.040	0.198	0.040	0.198	0.040	0.194	0.040	0.197	0.040	Spectrum Read#1
D	0.040	0.197	0.040	0.199	0.041	0.198	0.040	0.198	0.039	0.198	0.041	0.196	Spectrum Read#1
E	0.198	0.041	0.196	0.040	0.195	0.040	0.198	0.040	0.196	0.039	0.196	0.041	Spectrum Read#1
F	0.040	0.197	0.040	0.198	0.040	0.198	0.040	0.198	0.040	0.196	0.040	0.196	Spectrum Read#1
G	0.196	0.040	0.198	0.041	0.196	0.040	0.196	0.040	0.195	0.040	0.196	0.039	Spectrum Read#1
H	0.039	0.195	0.042	0.194	0.040	0.196	0.041	0.193	0.040	0.195	0.040	0.198	Spectrum Read#1

Spectrum
Wavelength 2 (440 nm)
	1	2	3	4	5	6	7	8	9	10	11	12
A	0.182	0.037	0.180	0.037	0.183	0.037	0.184	0.037	0.183	0.039	0.179	0.038	Spectrum Read#2
B	0.038	0.186	0.038	0.185	0.038	0.185	0.037	0.186	0.037	0.185	0.037	0.182	Spectrum Read#2
C	0.186	0.039	0.197	0.037	0.184	0.037	0.184	0.038	0.180	0.037	0.183	0.038	Spectrum Read#2
D	0.039	0.185	0.039	0.185	0.038	0.184	0.037	0.184	0.038	0.186	0.038	0.183	Spectrum Read#2
E	0.185	0.038	0.183	0.037	0.182	0.037	0.184	0.038	0.182	0.038	0.182	0.038	Spectrum Read#2
F	0.037	0.183	0.039	0.183	0.038	0.183	0.038	0.184	0.037	0.183	0.037	0.183	Spectrum Read#2
G	0.183	0.037	0.183	0.037	0.183	0.037	0.183	0.039	0.181	0.037	0.182	0.037	Spectrum Read#2
H	0.038	0.181	0.040	0.181	0.037	0.182	0.038	0.180	0.038	0.182	0.038	0.184	Spectrum Read#2

Spectrum
Wavelength 3 (470 nm)
	1	2	3	4	5	6	7	8	9	10	11	12
A	0.178	0.037	0.177	0.037	0.179	0.036	0.179	0.037	0.181	0.038	0.179	0.038	Spectrum Read#3
B	0.038	0.182	0.038	0.182	0.037	0.180	0.036	0.182	0.038	0.179	0.037	0.178	Spectrum Read#3
C	0.182	0.037	0.215	0.036	0.182	0.036	0.182	0.037	0.180	0.036	0.179	0.038	Spectrum Read#3
D	0.039	0.181	0.038	0.182	0.037	0.183	0.036	0.185	0.038	0.182	0.037	0.180	Spectrum Read#3
E	0.181	0.036	0.182	0.036	0.181	0.036	0.180	0.039	0.181	0.038	0.179	0.037	Spectrum Read#3
F	0.037	0.179	0.038	0.176	0.039	0.181	0.036	0.184	0.036	0.182	0.037	0.178	Spectrum Read#3
G	0.180	0.036	0.177	0.038	0.177	0.038	0.182	0.038	0.180	0.036	0.180	0.036	Spectrum Read#3
H	0.037	0.176	0.039	0.179	0.036	0.180	0.038	0.179	0.038	0.178	0.037	0.180	Spectrum Read#3

Spectrum
Wavelength 4 (500 nm)
	1	2	3	4	5	6	7	8	9	10	11	12
A	0.196	0.037	0.198	0.036	0.201	0.036	0.198	0.036	0.204	0.038	0.205	0.038	Spectrum Read#4
B	0.038	0.203	0.038	0.206	0.036	0.199	0.036	0.203	0.036	0.196	0.038	0.197	Spectrum Read#4
C	0.203	0.035	0.273	0.036	0.205	0.036	0.207	0.036	0.208	0.036	0.199	0.038	Spectrum Read#4
D	0.038	0.202	0.036	0.203	0.037	0.208	0.036	0.212	0.037	0.200	0.035	0.202	Spectrum Read#4
E	0.202	0.036	0.205	0.037	0.206	0.036	0.202	0.037	0.206	0.036	0.202	0.036	Spectrum Read#4
F	0.037	0.200	0.036	0.196	0.036	0.204	0.036	0.206	0.038	0.208	0.036	0.196	Spectrum Read#4
G	0.204	0.036	0.196	0.037	0.194	0.036	0.207	0.036	0.203	0.036	0.203	0.035	Spectrum Read#4
H	0.037	0.197	0.037	0.202	0.036	0.202	0.037	0.203	0.037	0.200	0.036	0.199	Spectrum Read#4

Spectrum
Wavelength 5 (530 nm)
	1	2	3	4	5	6	7	8	9	10	11	12
A	0.223	0.037	0.227	0.036	0.230	0.035	0.225	0.036	0.233	0.038	0.237	0.037	Spectrum Read#5
B	0.038	0.231	0.037	0.235	0.036	0.226	0.035	0.231	0.036	0.222	0.038	0.223	Spectrum Read#5
C	0.231	0.035	0.323	0.035	0.236	0.035	0.238	0.035	0.241	0.037	0.228	0.038	Spectrum Read#5
D	0.038	0.231	0.035	0.232	0.037	0.239	0.035	0.245	0.036	0.227	0.036	0.231	Spectrum Read#5
E	0.230	0.036	0.235	0.037	0.238	0.036	0.232	0.036	0.236	0.035	0.232	0.036	Spectrum Read#5
F	0.037	0.229	0.035	0.223	0.036	0.235	0.035	0.236	0.038	0.240	0.036	0.223	Spectrum Read#5
G	0.233	0.036	0.222	0.036	0.221	0.036	0.239	0.036	0.232	0.036	0.234	0.036	Spectrum Read#5
H	0.037	0.225	0.037	0.232	0.036	0.231	0.036	0.235	0.037	0.229	0.036	0.227	Spectrum Read#5

Spectrum
Wavelength 6 (560 nm)
	1	2	3	4	5	6	7	8	9	10	11	12
A	0.234	0.037	0.236	0.037	0.238	0.035	0.235	0.036	0.240	0.038	0.241	0.038	Spectrum Read#6
B	0.038	0.241	0.037	0.242	0.036	0.236	0.035	0.240	0.036	0.233	0.038	0.234	Spectrum Read#6
C	0.240	0.036	0.299	0.036	0.243	0.035	0.244	0.036	0.245	0.038	0.238	0.037	Spectrum Read#6
D	0.037	0.240	0.036	0.239	0.036	0.245	0.035	0.248	0.035	0.237	0.037	0.237	Spectrum Read#6
E	0.238	0.037	0.241	0.037	0.244	0.036	0.241	0.037	0.242	0.036	0.240	0.036	Spectrum Read#6
F	0.038	0.238	0.036	0.235	0.037	0.243	0.036	0.244	0.037	0.245	0.036	0.234	Spectrum Read#6
G	0.240	0.037	0.234	0.036	0.235	0.036	0.244	0.037	0.240	0.036	0.240	0.036	Spectrum Read#6
H	0.037	0.234	0.036	0.239	0.037	0.240	0.037	0.241	0.036	0.237	0.036	0.236	Spectrum Read#6

Spectrum
Wavelength 7 (590 nm)
	1	2	3	4	5	6	7	8	9	10	11	12
A	0.238	0.038	0.234	0.037	0.234	0.036	0.237	0.036	0.234	0.038	0.224	0.038	Spectrum Read#7
B	0.038	0.242	0.036	0.235	0.036	0.240	0.035	0.238	0.035	0.241	0.037	0.238	Spectrum Read#7
C	0.239	0.037	0.198	0.037	0.234	0.036	0.232	0.036	0.227	0.038	0.236	0.037	Spectrum Read#7
D	0.037	0.237	0.037	0.237	0.036	0.233	0.036	0.230	0.036	0.239	0.038	0.232	Spectrum Read#7
E	0.235	0.038	0.232	0.036	0.230	0.035	0.237	0.037	0.232	0.036	0.236	0.036	Spectrum Read#7
F	0.038	0.237	0.037	0.242	0.038	0.235	0.036	0.236	0.036	0.229	0.036	0.240	Spectrum Read#7
G	0.232	0.036	0.241	0.037	0.242	0.037	0.231	0.038	0.234	0.036	0.231	0.036	Spectrum Read#7
H	0.037	0.235	0.036	0.233	0.038	0.234	0.038	0.230	0.036	0.232	0.036	0.239	Spectrum Read#7

Spectrum
Wavelength 8 (620 nm)
	1	2	3	4	5	6	7	8	9	10	11	12
A	0.219	0.038	0.212	0.037	0.211	0.035	0.217	0.036	0.210	0.038	0.197	0.037	Spectrum Read#8
B	0.037	0.221	0.035	0.211	0.036	0.221	0.035	0.216	0.035	0.224	0.037	0.219	Spectrum Read#8
C	0.217	0.038	0.130	0.037	0.209	0.035	0.205	0.036	0.197	0.038	0.215	0.037	Spectrum Read#8
D	0.036	0.214	0.038	0.215	0.035	0.206	0.035	0.201	0.036	0.219	0.038	0.208	Spectrum Read#8
E	0.213	0.038	0.207	0.035	0.202	0.035	0.214	0.037	0.207	0.037	0.212	0.035	Spectrum Read#8
F	0.038	0.216	0.037	0.223	0.038	0.210	0.036	0.211	0.035	0.201	0.035	0.222	Spectrum Read#8
G	0.208	0.036	0.224	0.037	0.223	0.036	0.203	0.037	0.210	0.035	0.206	0.036	Spectrum Read#8
H	0.037	0.214	0.036	0.209	0.038	0.211	0.037	0.204	0.036	0.209	0.035	0.219	Spectrum Read#8

Spectrum
Wavelength 9 (650 nm)
	1	2	3	4	5	6	7	8	9	10	11	12
A	0.315	0.037	0.304	0.036	0.300	0.035	0.312	0.035	0.298	0.038	0.276	0.037	Spectrum Read#9
B	0.036	0.318	0.035	0.301	0.034	0.320	0.035	0.311	0.034	0.325	0.035	0.315	Spectrum Read#9
C	0.310	0.037	0.139	0.037	0.298	0.035	0.292	0.036	0.277	0.037	0.308	0.036	Spectrum Read#9
D	0.035	0.308	0.037	0.310	0.035	0.293	0.035	0.282	0.037	0.315	0.037	0.298	Spectrum Read#9
E	0.304	0.036	0.295	0.035	0.285	0.034	0.309	0.036	0.295	0.037	0.302	0.035	Spectrum Read#9
F	0.038	0.310	0.037	0.325	0.036	0.302	0.035	0.300	0.035	0.283	0.035	0.321	Spectrum Read#9
G	0.296	0.035	0.328	0.036	0.324	0.035	0.287	0.036	0.300	0.034	0.292	0.035	Spectrum Read#9
H	0.036	0.308	0.035	0.300	0.037	0.300	0.036	0.289	0.035	0.300	0.035	0.314	Spectrum Read#9

Spectrum
Wavelength 10 (680 nm)
	1	2	3	4	5	6	7	8	9	10	11	12
A	0.111	0.037	0.108	0.036	0.106	0.034	0.109	0.034	0.107	0.037	0.102	0.036	Spectrum Read#10
B	0.035	0.110	0.034	0.106	0.034	0.110	0.034	0.108	0.033	0.111	0.034	0.110	Spectrum Read#10
C	0.109	0.036	0.081	0.036	0.106	0.034	0.104	0.035	0.102	0.036	0.109	0.035	Spectrum Read#10
D	0.035	0.110	0.037	0.110	0.035	0.104	0.034	0.102	0.037	0.111	0.036	0.105	Spectrum Read#10
E	0.106	0.035	0.107	0.035	0.102	0.034	0.107	0.035	0.105	0.037	0.107	0.034	Spectrum Read#10
F	0.037	0.108	0.037	0.111	0.035	0.106	0.034	0.106	0.034	0.104	0.034	0.112	Spectrum Read#10
G	0.105	0.034	0.112	0.035	0.110	0.034	0.102	0.034	0.106	0.034	0.104	0.034	Spectrum Read#10
H	0.036	0.107	0.034	0.105	0.037	0.106	0.035	0.105	0.034	0.105	0.034	0.111	Spectrum Read#10

