Spectrum
Wavelength 1 (410 nm)
	1	2	3	4	5	6	7	8	9	10	11	12
A	0.224	0.037	0.217	0.037	0.221	0.037	0.214	0.038	0.218	0.037	0.216	0.037	Spectrum Read#1
B	0.037	0.218	0.037	0.223	0.038	0.218	0.038	0.222	0.038	0.220	0.038	0.219	Spectrum Read#1
C	0.220	0.039	0.218	0.037	0.210	0.040	0.221	0.038	0.223	0.038	0.220	0.038	Spectrum Read#1
D	0.038	0.220	0.038	0.223	0.038	0.220	0.038	0.220	0.038	0.222	0.038	0.221	Spectrum Read#1
E	0.224	0.039	0.224	0.038	0.223	0.038	0.225	0.038	0.223	0.038	0.223	0.038	Spectrum Read#1
F	0.038	0.220	0.038	0.223	0.038	0.220	0.038	0.222	0.038	0.223	0.038	0.222	Spectrum Read#1
G	0.223	0.038	0.225	0.037	0.222	0.038	0.225	0.038	0.223	0.039	0.224	0.038	Spectrum Read#1
H	0.037	0.222	0.037	0.214	0.037	0.222	0.038	0.225	0.037	0.226	0.038	0.220	Spectrum Read#1

Spectrum
Wavelength 2 (440 nm)
	1	2	3	4	5	6	7	8	9	10	11	12
A	0.210	0.035	0.205	0.036	0.208	0.035	0.203	0.037	0.206	0.036	0.204	0.036	Spectrum Read#2
B	0.036	0.206	0.037	0.209	0.036	0.206	0.037	0.209	0.036	0.207	0.037	0.207	Spectrum Read#2
C	0.207	0.038	0.206	0.036	0.208	0.038	0.208	0.037	0.210	0.036	0.207	0.036	Spectrum Read#2
D	0.036	0.208	0.036	0.209	0.036	0.208	0.037	0.207	0.037	0.209	0.037	0.208	Spectrum Read#2
E	0.211	0.037	0.210	0.037	0.210	0.037	0.212	0.036	0.210	0.036	0.210	0.037	Spectrum Read#2
F	0.036	0.207	0.036	0.210	0.037	0.208	0.036	0.209	0.036	0.210	0.037	0.209	Spectrum Read#2
G	0.208	0.037	0.213	0.036	0.207	0.036	0.213	0.036	0.211	0.037	0.211	0.036	Spectrum Read#2
H	0.035	0.209	0.036	0.202	0.035	0.209	0.036	0.212	0.036	0.214	0.037	0.207	Spectrum Read#2

Spectrum
Wavelength 3 (470 nm)
	1	2	3	4	5	6	7	8	9	10	11	12
A	0.200	0.034	0.203	0.035	0.205	0.035	0.209	0.037	0.206	0.035	0.202	0.036	Spectrum Read#3
B	0.035	0.204	0.036	0.206	0.035	0.206	0.037	0.206	0.036	0.203	0.037	0.207	Spectrum Read#3
C	0.203	0.037	0.208	0.035	0.240	0.037	0.204	0.035	0.208	0.036	0.206	0.035	Spectrum Read#3
D	0.036	0.206	0.035	0.206	0.036	0.208	0.036	0.206	0.036	0.206	0.035	0.206	Spectrum Read#3
E	0.203	0.037	0.207	0.035	0.209	0.036	0.207	0.035	0.208	0.036	0.206	0.036	Spectrum Read#3
F	0.035	0.206	0.035	0.205	0.036	0.207	0.035	0.206	0.035	0.208	0.036	0.206	Spectrum Read#3
G	0.204	0.035	0.211	0.036	0.201	0.035	0.210	0.035	0.211	0.035	0.210	0.035	Spectrum Read#3
H	0.035	0.205	0.036	0.198	0.034	0.207	0.036	0.207	0.035	0.211	0.037	0.203	Spectrum Read#3

Spectrum
Wavelength 4 (500 nm)
	1	2	3	4	5	6	7	8	9	10	11	12
A	0.213	0.034	0.230	0.035	0.231	0.034	0.248	0.036	0.235	0.034	0.228	0.036	Spectrum Read#4
B	0.035	0.230	0.035	0.230	0.035	0.236	0.036	0.231	0.035	0.226	0.037	0.236	Spectrum Read#4
C	0.226	0.037	0.241	0.035	0.312	0.036	0.228	0.035	0.235	0.036	0.234	0.035	Spectrum Read#4
D	0.035	0.233	0.034	0.232	0.036	0.238	0.035	0.235	0.036	0.232	0.035	0.233	Spectrum Read#4
E	0.221	0.036	0.231	0.035	0.237	0.035	0.231	0.035	0.235	0.036	0.231	0.035	Spectrum Read#4
F	0.035	0.234	0.035	0.230	0.036	0.236	0.035	0.231	0.035	0.236	0.035	0.230	Spectrum Read#4
G	0.227	0.035	0.239	0.035	0.221	0.034	0.233	0.035	0.242	0.034	0.239	0.035	Spectrum Read#4
H	0.034	0.227	0.036	0.222	0.034	0.231	0.036	0.229	0.034	0.237	0.036	0.227	Spectrum Read#4

Spectrum
Wavelength 5 (530 nm)
	1	2	3	4	5	6	7	8	9	10	11	12
A	0.240	0.034	0.264	0.035	0.265	0.034	0.289	0.036	0.271	0.035	0.261	0.036	Spectrum Read#5
B	0.035	0.265	0.035	0.263	0.035	0.273	0.036	0.265	0.036	0.258	0.036	0.273	Spectrum Read#5
C	0.259	0.037	0.279	0.035	0.373	0.036	0.261	0.035	0.270	0.036	0.269	0.035	Spectrum Read#5
D	0.035	0.268	0.035	0.265	0.035	0.275	0.035	0.271	0.036	0.265	0.035	0.268	Spectrum Read#5
E	0.250	0.035	0.263	0.035	0.273	0.035	0.263	0.035	0.269	0.035	0.264	0.035	Spectrum Read#5
F	0.035	0.268	0.035	0.264	0.035	0.271	0.035	0.265	0.035	0.271	0.035	0.262	Spectrum Read#5
G	0.258	0.035	0.275	0.034	0.250	0.035	0.266	0.035	0.278	0.034	0.275	0.036	Spectrum Read#5
H	0.034	0.258	0.035	0.254	0.034	0.262	0.036	0.260	0.034	0.271	0.036	0.260	Spectrum Read#5

Spectrum
Wavelength 6 (560 nm)
	1	2	3	4	5	6	7	8	9	10	11	12
A	0.254	0.034	0.268	0.035	0.270	0.034	0.283	0.036	0.272	0.034	0.265	0.035	Spectrum Read#6
B	0.035	0.269	0.035	0.269	0.035	0.274	0.035	0.270	0.036	0.265	0.036	0.274	Spectrum Read#6
C	0.265	0.037	0.278	0.035	0.324	0.036	0.269	0.035	0.274	0.035	0.273	0.035	Spectrum Read#6
D	0.035	0.272	0.035	0.271	0.035	0.276	0.035	0.274	0.035	0.271	0.035	0.271	Spectrum Read#6
E	0.262	0.035	0.270	0.035	0.276	0.034	0.271	0.035	0.274	0.035	0.270	0.035	Spectrum Read#6
F	0.035	0.271	0.035	0.270	0.035	0.272	0.035	0.270	0.035	0.274	0.035	0.267	Spectrum Read#6
G	0.267	0.035	0.278	0.034	0.259	0.035	0.271	0.034	0.278	0.035	0.276	0.035	Spectrum Read#6
H	0.034	0.265	0.034	0.259	0.034	0.267	0.036	0.268	0.034	0.275	0.035	0.266	Spectrum Read#6

Spectrum
Wavelength 7 (590 nm)
	1	2	3	4	5	6	7	8	9	10	11	12
A	0.272	0.034	0.251	0.035	0.256	0.034	0.233	0.035	0.249	0.034	0.250	0.035	Spectrum Read#7
B	0.035	0.252	0.034	0.262	0.035	0.248	0.035	0.259	0.036	0.258	0.036	0.251	Spectrum Read#7
C	0.257	0.036	0.246	0.035	0.167	0.036	0.262	0.035	0.257	0.035	0.255	0.035	Spectrum Read#7
D	0.034	0.253	0.035	0.260	0.034	0.250	0.035	0.251	0.035	0.258	0.035	0.252	Spectrum Read#7
E	0.270	0.035	0.263	0.035	0.257	0.034	0.265	0.034	0.258	0.035	0.259	0.035	Spectrum Read#7
F	0.035	0.253	0.035	0.260	0.035	0.250	0.035	0.258	0.035	0.255	0.034	0.255	Spectrum Read#7
G	0.264	0.035	0.258	0.034	0.261	0.036	0.261	0.034	0.248	0.035	0.255	0.035	Spectrum Read#7
H	0.033	0.258	0.034	0.249	0.033	0.257	0.035	0.264	0.034	0.260	0.035	0.257	Spectrum Read#7

Spectrum
Wavelength 8 (620 nm)
	1	2	3	4	5	6	7	8	9	10	11	12
A	0.259	0.033	0.222	0.034	0.228	0.034	0.188	0.035	0.216	0.034	0.222	0.035	Spectrum Read#8
B	0.034	0.222	0.034	0.236	0.034	0.214	0.034	0.232	0.035	0.233	0.035	0.218	Spectrum Read#8
C	0.232	0.036	0.210	0.035	0.070	0.035	0.236	0.035	0.228	0.035	0.224	0.035	Spectrum Read#8
D	0.034	0.223	0.035	0.233	0.034	0.216	0.035	0.220	0.034	0.230	0.036	0.222	Spectrum Read#8
E	0.251	0.035	0.237	0.034	0.226	0.034	0.240	0.034	0.229	0.034	0.232	0.034	Spectrum Read#8
F	0.034	0.222	0.035	0.233	0.034	0.218	0.035	0.230	0.035	0.225	0.034	0.228	Spectrum Read#8
G	0.241	0.035	0.226	0.034	0.241	0.035	0.234	0.034	0.213	0.035	0.223	0.034	Spectrum Read#8
H	0.033	0.234	0.033	0.223	0.033	0.231	0.034	0.241	0.033	0.231	0.034	0.232	Spectrum Read#8

Spectrum
Wavelength 9 (650 nm)
	1	2	3	4	5	6	7	8	9	10	11	12
A	0.377	0.033	0.311	0.034	0.322	0.033	0.248	0.035	0.300	0.033	0.311	0.034	Spectrum Read#9
B	0.034	0.313	0.033	0.336	0.033	0.297	0.033	0.328	0.035	0.332	0.034	0.302	Spectrum Read#9
C	0.328	0.035	0.287	0.035	0.052	0.035	0.337	0.035	0.319	0.034	0.313	0.035	Spectrum Read#9
D	0.033	0.312	0.035	0.330	0.033	0.300	0.035	0.306	0.034	0.326	0.035	0.311	Spectrum Read#9
E	0.363	0.034	0.337	0.034	0.316	0.034	0.343	0.033	0.321	0.034	0.328	0.034	Spectrum Read#9
F	0.033	0.311	0.035	0.331	0.034	0.304	0.034	0.325	0.034	0.314	0.034	0.321	Spectrum Read#9
G	0.346	0.035	0.316	0.033	0.346	0.035	0.332	0.033	0.290	0.035	0.310	0.033	Spectrum Read#9
H	0.032	0.332	0.033	0.315	0.033	0.326	0.033	0.342	0.033	0.323	0.034	0.327	Spectrum Read#9

Spectrum
Wavelength 10 (680 nm)
	1	2	3	4	5	6	7	8	9	10	11	12
A	0.122	0.032	0.108	0.033	0.110	0.032	0.095	0.034	0.106	0.033	0.108	0.034	Spectrum Read#10
B	0.033	0.108	0.033	0.113	0.033	0.104	0.033	0.112	0.034	0.112	0.034	0.106	Spectrum Read#10
C	0.112	0.034	0.103	0.034	0.044	0.034	0.113	0.034	0.110	0.033	0.110	0.034	Spectrum Read#10
D	0.033	0.108	0.034	0.112	0.033	0.105	0.034	0.107	0.033	0.111	0.035	0.108	Spectrum Read#10
E	0.119	0.034	0.114	0.033	0.109	0.033	0.116	0.033	0.111	0.033	0.112	0.033	Spectrum Read#10
F	0.033	0.108	0.035	0.112	0.033	0.106	0.034	0.111	0.033	0.109	0.033	0.110	Spectrum Read#10
G	0.115	0.034	0.109	0.033	0.115	0.034	0.112	0.033	0.104	0.034	0.108	0.033	Spectrum Read#10
H	0.032	0.114	0.032	0.109	0.032	0.112	0.033	0.116	0.032	0.112	0.033	0.112	Spectrum Read#10

