Spectrum
Wavelength 1 (410 nm)
	1	2	3	4	5	6	7	8	9	10	11	12
A	0.198	0.039	0.199	0.040	0.199	0.040	0.201	0.040	0.198	0.040	0.199	0.040	Spectrum Read#1
B	0.041	0.203	0.040	0.201	0.040	0.203	0.043	0.203	0.040	0.199	0.039	0.200	Spectrum Read#1
C	0.200	0.041	0.230	0.040	0.203	0.040	0.202	0.041	0.199	0.040	0.199	0.040	Spectrum Read#1
D	0.040	0.202	0.040	0.197	0.042	0.202	0.040	0.201	0.040	0.199	0.041	0.200	Spectrum Read#1
E	0.203	0.040	0.197	0.041	0.197	0.042	0.200	0.040	0.202	0.040	0.203	0.041	Spectrum Read#1
F	0.039	0.197	0.040	0.200	0.040	0.202	0.040	0.200	0.041	0.202	0.039	0.199	Spectrum Read#1
G	0.198	0.040	0.195	0.042	0.195	0.040	0.201	0.040	0.197	0.040	0.198	0.039	Spectrum Read#1
H	0.039	0.196	0.041	0.196	0.040	0.198	0.041	0.199	0.043	0.203	0.039	0.203	Spectrum Read#1

Spectrum
Wavelength 2 (440 nm)
	1	2	3	4	5	6	7	8	9	10	11	12
A	0.185	0.037	0.186	0.037	0.186	0.038	0.188	0.038	0.186	0.039	0.186	0.039	Spectrum Read#2
B	0.038	0.190	0.039	0.188	0.038	0.189	0.041	0.190	0.038	0.188	0.038	0.186	Spectrum Read#2
C	0.188	0.039	0.219	0.038	0.190	0.038	0.188	0.039	0.186	0.038	0.186	0.038	Spectrum Read#2
D	0.039	0.190	0.040	0.183	0.039	0.188	0.038	0.187	0.038	0.187	0.038	0.188	Spectrum Read#2
E	0.191	0.038	0.185	0.038	0.184	0.040	0.186	0.038	0.187	0.039	0.189	0.039	Spectrum Read#2
F	0.038	0.183	0.039	0.185	0.038	0.188	0.038	0.187	0.038	0.189	0.037	0.186	Spectrum Read#2
G	0.183	0.037	0.181	0.039	0.182	0.038	0.188	0.039	0.183	0.037	0.184	0.037	Spectrum Read#2
H	0.038	0.182	0.040	0.183	0.037	0.185	0.039	0.186	0.041	0.189	0.038	0.190	Spectrum Read#2

Spectrum
Wavelength 3 (470 nm)
	1	2	3	4	5	6	7	8	9	10	11	12
A	0.183	0.036	0.183	0.037	0.184	0.036	0.186	0.036	0.186	0.038	0.184	0.038	Spectrum Read#3
B	0.038	0.189	0.038	0.185	0.037	0.186	0.040	0.188	0.038	0.188	0.038	0.184	Spectrum Read#3
C	0.185	0.037	0.240	0.037	0.183	0.036	0.184	0.037	0.184	0.036	0.181	0.038	Spectrum Read#3
D	0.038	0.186	0.038	0.180	0.038	0.183	0.036	0.185	0.038	0.184	0.036	0.186	Spectrum Read#3
E	0.186	0.036	0.184	0.037	0.183	0.038	0.185	0.038	0.185	0.038	0.184	0.037	Spectrum Read#3
F	0.037	0.182	0.038	0.180	0.039	0.182	0.036	0.187	0.037	0.184	0.037	0.185	Spectrum Read#3
G	0.179	0.036	0.181	0.040	0.180	0.038	0.186	0.038	0.183	0.036	0.181	0.036	Spectrum Read#3
H	0.037	0.178	0.039	0.180	0.036	0.184	0.038	0.184	0.041	0.182	0.036	0.185	Spectrum Read#3

Spectrum
Wavelength 4 (500 nm)
	1	2	3	4	5	6	7	8	9	10	11	12
A	0.207	0.036	0.208	0.036	0.208	0.035	0.211	0.036	0.214	0.038	0.208	0.038	Spectrum Read#4
B	0.038	0.215	0.038	0.209	0.036	0.211	0.039	0.215	0.037	0.216	0.038	0.207	Spectrum Read#4
C	0.208	0.036	0.303	0.035	0.203	0.036	0.205	0.036	0.210	0.036	0.204	0.038	Spectrum Read#4
D	0.038	0.208	0.036	0.202	0.038	0.204	0.035	0.208	0.037	0.205	0.036	0.212	Spectrum Read#4
E	0.206	0.036	0.207	0.038	0.208	0.037	0.211	0.036	0.211	0.036	0.204	0.036	Spectrum Read#4
F	0.037	0.209	0.036	0.202	0.036	0.202	0.036	0.209	0.038	0.203	0.036	0.209	Spectrum Read#4
G	0.200	0.035	0.209	0.038	0.203	0.036	0.209	0.036	0.207	0.036	0.203	0.035	Spectrum Read#4
H	0.036	0.200	0.037	0.203	0.036	0.209	0.036	0.209	0.040	0.200	0.035	0.206	Spectrum Read#4

Spectrum
Wavelength 5 (530 nm)
	1	2	3	4	5	6	7	8	9	10	11	12
A	0.238	0.037	0.239	0.037	0.239	0.036	0.242	0.036	0.248	0.038	0.240	0.038	Spectrum Read#5
B	0.038	0.248	0.037	0.240	0.036	0.242	0.039	0.247	0.036	0.249	0.038	0.237	Spectrum Read#5
C	0.238	0.036	0.356	0.036	0.231	0.036	0.234	0.036	0.242	0.037	0.235	0.037	Spectrum Read#5
D	0.038	0.238	0.036	0.231	0.038	0.233	0.036	0.239	0.036	0.235	0.037	0.243	Spectrum Read#5
E	0.234	0.037	0.236	0.039	0.240	0.038	0.244	0.036	0.242	0.036	0.234	0.036	Spectrum Read#5
F	0.037	0.242	0.036	0.231	0.036	0.231	0.036	0.240	0.039	0.233	0.037	0.240	Spectrum Read#5
G	0.229	0.036	0.241	0.037	0.234	0.036	0.241	0.036	0.239	0.036	0.234	0.036	Spectrum Read#5
H	0.037	0.229	0.037	0.233	0.036	0.240	0.037	0.240	0.039	0.228	0.036	0.234	Spectrum Read#5

Spectrum
Wavelength 6 (560 nm)
	1	2	3	4	5	6	7	8	9	10	11	12
A	0.245	0.037	0.247	0.037	0.246	0.036	0.248	0.036	0.251	0.038	0.246	0.038	Spectrum Read#6
B	0.039	0.253	0.037	0.246	0.036	0.249	0.039	0.252	0.036	0.251	0.038	0.244	Spectrum Read#6
C	0.245	0.036	0.324	0.036	0.242	0.036	0.242	0.037	0.248	0.038	0.243	0.038	Spectrum Read#6
D	0.037	0.246	0.036	0.238	0.038	0.242	0.036	0.246	0.035	0.243	0.038	0.248	Spectrum Read#6
E	0.244	0.038	0.243	0.038	0.246	0.038	0.248	0.036	0.248	0.036	0.244	0.036	Spectrum Read#6
F	0.038	0.247	0.036	0.241	0.037	0.242	0.036	0.247	0.038	0.243	0.037	0.246	Spectrum Read#6
G	0.239	0.036	0.245	0.038	0.242	0.036	0.248	0.038	0.245	0.036	0.241	0.036	Spectrum Read#6
H	0.037	0.238	0.036	0.241	0.037	0.247	0.037	0.247	0.039	0.240	0.036	0.244	Spectrum Read#6

Spectrum
Wavelength 7 (590 nm)
	1	2	3	4	5	6	7	8	9	10	11	12
A	0.234	0.037	0.237	0.037	0.236	0.036	0.235	0.036	0.230	0.038	0.235	0.038	Spectrum Read#7
B	0.038	0.240	0.036	0.238	0.036	0.238	0.039	0.236	0.036	0.229	0.038	0.237	Spectrum Read#7
C	0.239	0.037	0.203	0.037	0.246	0.036	0.238	0.037	0.235	0.038	0.238	0.037	Spectrum Read#7
D	0.037	0.240	0.037	0.235	0.037	0.241	0.036	0.239	0.036	0.238	0.038	0.233	Spectrum Read#7
E	0.244	0.038	0.234	0.037	0.233	0.037	0.233	0.037	0.238	0.036	0.246	0.036	Spectrum Read#7
F	0.038	0.231	0.037	0.242	0.038	0.245	0.037	0.238	0.036	0.244	0.036	0.235	Spectrum Read#7
G	0.238	0.036	0.227	0.039	0.234	0.037	0.239	0.038	0.232	0.035	0.236	0.035	Spectrum Read#7
H	0.037	0.236	0.036	0.237	0.037	0.234	0.037	0.237	0.038	0.246	0.035	0.244	Spectrum Read#7

Spectrum
Wavelength 8 (620 nm)
	1	2	3	4	5	6	7	8	9	10	11	12
A	0.209	0.037	0.212	0.037	0.210	0.035	0.208	0.036	0.199	0.038	0.209	0.038	Spectrum Read#8
B	0.037	0.211	0.035	0.214	0.035	0.212	0.038	0.208	0.035	0.198	0.037	0.213	Spectrum Read#8
C	0.215	0.038	0.125	0.037	0.227	0.035	0.215	0.037	0.207	0.038	0.214	0.036	Spectrum Read#8
D	0.036	0.217	0.038	0.213	0.037	0.219	0.035	0.215	0.036	0.215	0.038	0.204	Spectrum Read#8
E	0.222	0.037	0.209	0.036	0.205	0.036	0.204	0.037	0.211	0.037	0.225	0.035	Spectrum Read#8
F	0.038	0.202	0.037	0.221	0.037	0.225	0.036	0.213	0.035	0.224	0.035	0.209	Spectrum Read#8
G	0.217	0.035	0.197	0.039	0.208	0.036	0.212	0.037	0.205	0.035	0.212	0.035	Spectrum Read#8
H	0.037	0.213	0.036	0.214	0.038	0.207	0.037	0.211	0.038	0.227	0.035	0.223	Spectrum Read#8

Spectrum
Wavelength 9 (650 nm)
	1	2	3	4	5	6	7	8	9	10	11	12
A	0.297	0.037	0.302	0.036	0.298	0.034	0.294	0.035	0.278	0.037	0.296	0.037	Spectrum Read#9
B	0.037	0.299	0.035	0.304	0.034	0.302	0.038	0.294	0.034	0.277	0.035	0.303	Spectrum Read#9
C	0.307	0.037	0.120	0.036	0.328	0.035	0.307	0.036	0.292	0.037	0.306	0.035	Spectrum Read#9
D	0.035	0.310	0.037	0.307	0.036	0.315	0.034	0.308	0.037	0.307	0.037	0.288	Spectrum Read#9
E	0.320	0.036	0.298	0.035	0.290	0.036	0.288	0.036	0.302	0.037	0.323	0.035	Spectrum Read#9
F	0.037	0.285	0.037	0.321	0.036	0.328	0.035	0.302	0.035	0.322	0.034	0.295	Spectrum Read#9
G	0.313	0.034	0.280	0.038	0.296	0.035	0.302	0.036	0.292	0.034	0.304	0.035	Spectrum Read#9
H	0.036	0.308	0.035	0.307	0.037	0.292	0.036	0.299	0.037	0.330	0.034	0.319	Spectrum Read#9

Spectrum
Wavelength 10 (680 nm)
	1	2	3	4	5	6	7	8	9	10	11	12
A	0.106	0.037	0.108	0.036	0.106	0.034	0.105	0.034	0.102	0.037	0.106	0.036	Spectrum Read#10
B	0.036	0.106	0.034	0.106	0.034	0.106	0.037	0.104	0.034	0.101	0.035	0.107	Spectrum Read#10
C	0.108	0.037	0.083	0.036	0.113	0.034	0.108	0.036	0.106	0.036	0.109	0.035	Spectrum Read#10
D	0.034	0.110	0.037	0.109	0.036	0.109	0.034	0.108	0.037	0.110	0.036	0.103	Spectrum Read#10
E	0.110	0.036	0.107	0.035	0.104	0.036	0.103	0.035	0.107	0.037	0.112	0.035	Spectrum Read#10
F	0.037	0.102	0.037	0.110	0.035	0.112	0.034	0.107	0.035	0.113	0.034	0.106	Spectrum Read#10
G	0.108	0.034	0.102	0.037	0.104	0.034	0.108	0.034	0.104	0.034	0.106	0.034	Spectrum Read#10
H	0.035	0.106	0.034	0.107	0.037	0.104	0.035	0.107	0.036	0.114	0.034	0.112	Spectrum Read#10

