Spectrum
Wavelength 1 (530 nm)
	1	2	3	4	5	6	7	8	9	10	11	12
A	0.325	0.036	0.310	0.035	0.307	0.037	0.304	0.035	0.332	0.036	0.316	0.035	Spectrum Read#1
B	0.035	0.329	0.035	0.308	0.035	0.298	0.035	0.328	0.035	0.311	0.035	0.306	Spectrum Read#1
C	0.298	0.035	0.326	0.035	0.304	0.035	0.299	0.035	0.319	0.035	0.293	0.035	Spectrum Read#1
D	0.035	0.307	0.035	0.296	0.035	0.302	0.035	0.294	0.035	0.298	0.035	0.303	Spectrum Read#1
E	0.297	0.035	0.303	0.035	0.307	0.035	0.322	0.035	0.309	0.035	0.312	0.035	Spectrum Read#1
F	0.035	0.305	0.035	0.321	0.035	0.314	0.035	0.301	0.035	0.316	0.035	0.302	Spectrum Read#1
G	0.291	0.036	0.310	0.035	0.302	0.035	0.303	0.035	0.295	0.035	0.309	0.035	Spectrum Read#1
H	0.036	0.308	0.035	0.305	0.035	0.292	0.035	0.302	0.035	0.312	0.036	0.294	Spectrum Read#1

Spectrum
Wavelength 2 (545 nm)
	1	2	3	4	5	6	7	8	9	10	11	12
A	0.326	0.036	0.312	0.035	0.310	0.037	0.305	0.035	0.332	0.036	0.316	0.035	Spectrum Read#2
B	0.035	0.330	0.035	0.309	0.035	0.301	0.035	0.328	0.035	0.314	0.035	0.308	Spectrum Read#2
C	0.302	0.036	0.327	0.035	0.308	0.036	0.303	0.036	0.320	0.036	0.297	0.035	Spectrum Read#2
D	0.035	0.310	0.035	0.299	0.035	0.305	0.035	0.297	0.035	0.302	0.035	0.305	Spectrum Read#2
E	0.301	0.035	0.305	0.035	0.310	0.035	0.321	0.035	0.311	0.035	0.313	0.035	Spectrum Read#2
F	0.035	0.307	0.035	0.322	0.035	0.316	0.035	0.304	0.035	0.319	0.035	0.305	Spectrum Read#2
G	0.294	0.036	0.312	0.035	0.304	0.035	0.306	0.035	0.298	0.035	0.312	0.036	Spectrum Read#2
H	0.036	0.310	0.035	0.308	0.035	0.295	0.035	0.305	0.035	0.314	0.036	0.296	Spectrum Read#2

Spectrum
Wavelength 3 (560 nm)
	1	2	3	4	5	6	7	8	9	10	11	12
A	0.317	0.036	0.305	0.035	0.305	0.037	0.297	0.035	0.321	0.036	0.307	0.035	Spectrum Read#3
B	0.035	0.320	0.035	0.303	0.035	0.295	0.035	0.317	0.035	0.309	0.034	0.302	Spectrum Read#3
C	0.301	0.035	0.317	0.035	0.306	0.035	0.300	0.035	0.312	0.035	0.293	0.035	Spectrum Read#3
D	0.035	0.303	0.035	0.294	0.035	0.299	0.035	0.294	0.035	0.298	0.035	0.299	Spectrum Read#3
E	0.296	0.035	0.299	0.035	0.304	0.035	0.308	0.035	0.303	0.035	0.304	0.035	Spectrum Read#3
F	0.035	0.300	0.035	0.313	0.035	0.309	0.035	0.298	0.035	0.312	0.035	0.298	Spectrum Read#3
G	0.290	0.036	0.304	0.035	0.296	0.035	0.302	0.035	0.293	0.035	0.306	0.035	Spectrum Read#3
H	0.036	0.302	0.035	0.303	0.035	0.292	0.035	0.298	0.034	0.307	0.035	0.290	Spectrum Read#3

Spectrum
Wavelength 4 (575 nm)
	1	2	3	4	5	6	7	8	9	10	11	12
A	0.286	0.036	0.277	0.034	0.280	0.036	0.270	0.034	0.287	0.035	0.276	0.034	Spectrum Read#4
B	0.035	0.287	0.035	0.277	0.035	0.271	0.035	0.284	0.035	0.284	0.034	0.276	Spectrum Read#4
C	0.280	0.035	0.286	0.035	0.285	0.035	0.279	0.035	0.281	0.035	0.270	0.035	Spectrum Read#4
D	0.035	0.276	0.035	0.270	0.035	0.273	0.035	0.272	0.035	0.276	0.035	0.273	Spectrum Read#4
E	0.272	0.035	0.272	0.035	0.278	0.035	0.272	0.035	0.274	0.035	0.275	0.035	Spectrum Read#4
F	0.035	0.272	0.035	0.281	0.035	0.280	0.034	0.273	0.035	0.284	0.035	0.271	Spectrum Read#4
G	0.267	0.035	0.276	0.035	0.267	0.034	0.278	0.035	0.269	0.035	0.281	0.035	Spectrum Read#4
H	0.036	0.274	0.035	0.277	0.035	0.270	0.035	0.271	0.034	0.279	0.035	0.264	Spectrum Read#4

Spectrum
Wavelength 5 (590 nm)
	1	2	3	4	5	6	7	8	9	10	11	12
A	0.262	0.036	0.260	0.035	0.269	0.036	0.250	0.035	0.257	0.036	0.250	0.035	Spectrum Read#5
B	0.035	0.259	0.035	0.261	0.035	0.260	0.035	0.256	0.035	0.273	0.035	0.262	Spectrum Read#5
C	0.278	0.035	0.261	0.035	0.282	0.035	0.275	0.035	0.258	0.035	0.262	0.035	Spectrum Read#5
D	0.035	0.258	0.035	0.257	0.035	0.259	0.035	0.266	0.035	0.269	0.035	0.259	Spectrum Read#5
E	0.261	0.035	0.254	0.035	0.264	0.035	0.234	0.035	0.253	0.035	0.252	0.035	Spectrum Read#5
F	0.035	0.253	0.035	0.255	0.035	0.261	0.035	0.261	0.035	0.266	0.035	0.253	Spectrum Read#5
G	0.258	0.036	0.257	0.035	0.245	0.035	0.269	0.035	0.259	0.035	0.269	0.035	Spectrum Read#5
H	0.036	0.253	0.035	0.264	0.035	0.264	0.035	0.253	0.034	0.261	0.036	0.246	Spectrum Read#5

Spectrum
Wavelength 6 (605 nm)
	1	2	3	4	5	6	7	8	9	10	11	12
A	0.252	0.036	0.255	0.035	0.268	0.036	0.242	0.035	0.242	0.036	0.237	0.035	Spectrum Read#6
B	0.035	0.245	0.035	0.257	0.035	0.260	0.035	0.241	0.035	0.273	0.034	0.259	Spectrum Read#6
C	0.286	0.035	0.250	0.035	0.289	0.035	0.281	0.035	0.248	0.035	0.264	0.035	Spectrum Read#6
D	0.035	0.253	0.034	0.256	0.035	0.256	0.035	0.270	0.035	0.272	0.035	0.255	Spectrum Read#6
E	0.261	0.035	0.249	0.035	0.262	0.035	0.212	0.035	0.244	0.035	0.242	0.035	Spectrum Read#6
F	0.035	0.246	0.035	0.242	0.035	0.254	0.034	0.259	0.035	0.261	0.035	0.248	Spectrum Read#6
G	0.259	0.035	0.249	0.035	0.235	0.035	0.271	0.035	0.258	0.035	0.269	0.035	Spectrum Read#6
H	0.036	0.244	0.035	0.261	0.035	0.267	0.035	0.247	0.034	0.256	0.035	0.240	Spectrum Read#6

Spectrum
Wavelength 7 (620 nm)
	1	2	3	4	5	6	7	8	9	10	11	12
A	0.212	0.035	0.215	0.035	0.227	0.036	0.205	0.034	0.203	0.035	0.200	0.034	Spectrum Read#7
B	0.035	0.206	0.034	0.218	0.034	0.221	0.034	0.203	0.034	0.231	0.034	0.219	Spectrum Read#7
C	0.243	0.035	0.210	0.034	0.246	0.035	0.239	0.035	0.209	0.035	0.224	0.035	Spectrum Read#7
D	0.034	0.213	0.034	0.217	0.035	0.216	0.034	0.229	0.034	0.231	0.034	0.216	Spectrum Read#7
E	0.220	0.034	0.210	0.034	0.221	0.034	0.177	0.034	0.206	0.035	0.203	0.034	Spectrum Read#7
F	0.034	0.208	0.034	0.203	0.034	0.214	0.034	0.219	0.034	0.220	0.034	0.209	Spectrum Read#7
G	0.219	0.035	0.210	0.034	0.198	0.034	0.229	0.034	0.219	0.034	0.228	0.034	Spectrum Read#7
H	0.036	0.206	0.034	0.222	0.035	0.227	0.035	0.209	0.034	0.216	0.035	0.203	Spectrum Read#7

Spectrum
Wavelength 8 (635 nm)
	1	2	3	4	5	6	7	8	9	10	11	12
A	0.215	0.035	0.220	0.034	0.234	0.036	0.209	0.034	0.205	0.035	0.202	0.034	Spectrum Read#8
B	0.034	0.209	0.034	0.223	0.034	0.227	0.034	0.205	0.034	0.238	0.034	0.225	Spectrum Read#8
C	0.252	0.035	0.213	0.034	0.254	0.034	0.247	0.035	0.213	0.035	0.231	0.034	Spectrum Read#8
D	0.034	0.219	0.034	0.223	0.034	0.222	0.034	0.237	0.034	0.238	0.034	0.222	Spectrum Read#8
E	0.228	0.034	0.216	0.034	0.227	0.034	0.177	0.034	0.211	0.034	0.207	0.034	Spectrum Read#8
F	0.034	0.213	0.034	0.207	0.034	0.219	0.034	0.226	0.034	0.226	0.034	0.214	Spectrum Read#8
G	0.227	0.035	0.215	0.034	0.203	0.034	0.237	0.034	0.226	0.034	0.234	0.034	Spectrum Read#8
H	0.036	0.211	0.034	0.229	0.035	0.235	0.034	0.214	0.034	0.221	0.035	0.208	Spectrum Read#8

Spectrum
Wavelength 9 (650 nm)
	1	2	3	4	5	6	7	8	9	10	11	12
A	0.277	0.035	0.286	0.034	0.306	0.035	0.270	0.033	0.261	0.034	0.259	0.034	Spectrum Read#9
B	0.034	0.268	0.034	0.290	0.033	0.297	0.033	0.262	0.034	0.313	0.033	0.293	Spectrum Read#9
C	0.336	0.034	0.275	0.034	0.337	0.034	0.327	0.034	0.274	0.034	0.304	0.034	Spectrum Read#9
D	0.034	0.286	0.034	0.292	0.034	0.290	0.034	0.314	0.034	0.314	0.034	0.289	Spectrum Read#9
E	0.300	0.034	0.281	0.034	0.298	0.034	0.221	0.034	0.273	0.034	0.267	0.034	Spectrum Read#9
F	0.034	0.277	0.034	0.267	0.033	0.285	0.033	0.296	0.034	0.294	0.034	0.279	Spectrum Read#9
G	0.299	0.034	0.280	0.034	0.261	0.034	0.313	0.034	0.297	0.034	0.307	0.034	Spectrum Read#9
H	0.035	0.272	0.034	0.297	0.034	0.309	0.034	0.279	0.033	0.288	0.035	0.270	Spectrum Read#9

Spectrum
Wavelength 10 (665 nm)
	1	2	3	4	5	6	7	8	9	10	11	12
A	0.218	0.034	0.224	0.033	0.239	0.035	0.212	0.033	0.207	0.034	0.204	0.033	Spectrum Read#10
B	0.034	0.212	0.034	0.227	0.033	0.232	0.034	0.207	0.034	0.244	0.033	0.229	Spectrum Read#10
C	0.260	0.034	0.217	0.033	0.261	0.034	0.253	0.034	0.215	0.034	0.236	0.034	Spectrum Read#10
D	0.033	0.224	0.033	0.228	0.034	0.227	0.033	0.243	0.034	0.244	0.034	0.226	Spectrum Read#10
E	0.234	0.033	0.220	0.033	0.233	0.034	0.176	0.034	0.214	0.034	0.211	0.034	Spectrum Read#10
F	0.033	0.218	0.034	0.210	0.033	0.223	0.033	0.231	0.033	0.231	0.033	0.218	Spectrum Read#10
G	0.233	0.034	0.219	0.034	0.206	0.033	0.244	0.034	0.232	0.034	0.239	0.033	Spectrum Read#10
H	0.035	0.214	0.034	0.233	0.034	0.240	0.034	0.219	0.033	0.225	0.034	0.212	Spectrum Read#10

Spectrum
Wavelength 11 (680 nm)
	1	2	3	4	5	6	7	8	9	10	11	12
A	0.105	0.034	0.106	0.033	0.112	0.035	0.102	0.033	0.101	0.034	0.100	0.033	Spectrum Read#11
B	0.034	0.103	0.034	0.108	0.034	0.109	0.033	0.102	0.034	0.113	0.033	0.108	Spectrum Read#11
C	0.119	0.034	0.106	0.033	0.121	0.034	0.117	0.034	0.104	0.034	0.110	0.034	Spectrum Read#11
D	0.033	0.106	0.033	0.107	0.033	0.108	0.033	0.113	0.034	0.113	0.033	0.107	Spectrum Read#11
E	0.110	0.034	0.105	0.033	0.109	0.034	0.090	0.034	0.104	0.034	0.103	0.034	Spectrum Read#11
F	0.034	0.105	0.034	0.102	0.034	0.107	0.033	0.109	0.033	0.110	0.033	0.104	Spectrum Read#11
G	0.109	0.034	0.105	0.034	0.100	0.033	0.114	0.033	0.109	0.034	0.113	0.033	Spectrum Read#11
H	0.035	0.104	0.034	0.113	0.034	0.112	0.034	0.105	0.033	0.108	0.034	0.103	Spectrum Read#11

