Spectrum
Wavelength 1 (410 nm)
	1	2	3	4	5	6	7	8	9	10	11	12
A	0.213	0.039	0.216	0.038	0.207	0.039	0.218	0.038	0.216	0.038	0.212	0.037	Spectrum Read#1
B	0.038	0.218	0.038	0.213	0.038	0.217	0.037	0.216	0.038	0.207	0.038	0.212	Spectrum Read#1
C	0.220	0.038	0.216	0.038	0.225	0.038	0.217	0.038	0.212	0.038	0.216	0.039	Spectrum Read#1
D	0.039	0.219	0.037	0.217	0.038	0.217	0.038	0.219	0.037	0.215	0.038	0.210	Spectrum Read#1
E	0.214	0.038	0.195	0.038	0.218	0.038	0.219	0.038	0.222	0.038	0.219	0.038	Spectrum Read#1
F	0.039	0.220	0.038	0.218	0.038	0.214	0.037	0.216	0.038	0.219	0.037	0.204	Spectrum Read#1
G	0.211	0.039	0.219	0.038	0.217	0.038	0.213	0.038	0.219	0.038	0.214	0.038	Spectrum Read#1
H	0.038	0.201	0.038	0.216	0.037	0.223	0.038	0.213	0.038	0.207	0.038	0.199	Spectrum Read#1

Spectrum
Wavelength 2 (440 nm)
	1	2	3	4	5	6	7	8	9	10	11	12
A	0.199	0.038	0.202	0.037	0.195	0.038	0.203	0.037	0.201	0.037	0.199	0.036	Spectrum Read#2
B	0.037	0.203	0.037	0.199	0.037	0.204	0.036	0.201	0.036	0.194	0.036	0.199	Spectrum Read#2
C	0.206	0.037	0.202	0.036	0.210	0.037	0.202	0.037	0.198	0.037	0.201	0.037	Spectrum Read#2
D	0.038	0.204	0.036	0.202	0.036	0.203	0.037	0.204	0.036	0.201	0.036	0.196	Spectrum Read#2
E	0.200	0.037	0.182	0.037	0.204	0.037	0.204	0.037	0.206	0.037	0.204	0.037	Spectrum Read#2
F	0.038	0.205	0.037	0.203	0.036	0.200	0.036	0.202	0.037	0.203	0.036	0.199	Spectrum Read#2
G	0.198	0.038	0.204	0.037	0.202	0.037	0.198	0.036	0.204	0.037	0.199	0.037	Spectrum Read#2
H	0.037	0.190	0.037	0.201	0.036	0.207	0.037	0.199	0.037	0.193	0.037	0.186	Spectrum Read#2

Spectrum
Wavelength 3 (470 nm)
	1	2	3	4	5	6	7	8	9	10	11	12
A	0.195	0.037	0.198	0.035	0.202	0.038	0.198	0.035	0.198	0.036	0.196	0.035	Spectrum Read#3
B	0.035	0.200	0.036	0.194	0.035	0.205	0.035	0.196	0.035	0.190	0.035	0.200	Spectrum Read#3
C	0.203	0.036	0.199	0.035	0.206	0.036	0.196	0.036	0.194	0.035	0.198	0.036	Spectrum Read#3
D	0.037	0.199	0.035	0.199	0.035	0.199	0.036	0.202	0.035	0.198	0.035	0.196	Spectrum Read#3
E	0.197	0.035	0.177	0.036	0.203	0.036	0.196	0.036	0.200	0.036	0.199	0.036	Spectrum Read#3
F	0.037	0.204	0.036	0.199	0.035	0.197	0.035	0.199	0.036	0.196	0.035	0.230	Spectrum Read#3
G	0.199	0.036	0.200	0.035	0.199	0.036	0.193	0.035	0.200	0.035	0.195	0.035	Spectrum Read#3
H	0.036	0.195	0.036	0.196	0.035	0.200	0.036	0.195	0.036	0.190	0.037	0.189	Spectrum Read#3

Spectrum
Wavelength 4 (500 nm)
	1	2	3	4	5	6	7	8	9	10	11	12
A	0.218	0.036	0.223	0.035	0.243	0.037	0.222	0.035	0.224	0.036	0.222	0.035	Spectrum Read#4
B	0.035	0.226	0.035	0.218	0.035	0.238	0.035	0.219	0.035	0.213	0.035	0.233	Spectrum Read#4
C	0.229	0.036	0.225	0.035	0.232	0.035	0.218	0.035	0.218	0.035	0.224	0.036	Spectrum Read#4
D	0.036	0.221	0.035	0.224	0.035	0.223	0.036	0.228	0.035	0.224	0.035	0.227	Spectrum Read#4
E	0.222	0.035	0.196	0.035	0.234	0.035	0.216	0.035	0.223	0.035	0.222	0.035	Spectrum Read#4
F	0.036	0.232	0.035	0.224	0.035	0.223	0.035	0.226	0.035	0.215	0.035	0.301	Spectrum Read#4
G	0.232	0.036	0.226	0.035	0.226	0.035	0.216	0.035	0.225	0.035	0.219	0.035	Spectrum Read#4
H	0.036	0.234	0.035	0.220	0.035	0.220	0.035	0.219	0.035	0.213	0.036	0.224	Spectrum Read#4

Spectrum
Wavelength 5 (530 nm)
	1	2	3	4	5	6	7	8	9	10	11	12
A	0.250	0.036	0.257	0.035	0.286	0.037	0.254	0.035	0.257	0.036	0.256	0.034	Spectrum Read#5
B	0.035	0.260	0.035	0.250	0.035	0.277	0.035	0.251	0.035	0.244	0.035	0.272	Spectrum Read#5
C	0.264	0.035	0.259	0.035	0.266	0.035	0.248	0.035	0.251	0.035	0.258	0.036	Spectrum Read#5
D	0.036	0.254	0.035	0.258	0.035	0.256	0.036	0.263	0.035	0.258	0.035	0.264	Spectrum Read#5
E	0.255	0.035	0.223	0.035	0.271	0.035	0.246	0.035	0.255	0.035	0.255	0.035	Spectrum Read#5
F	0.036	0.268	0.035	0.258	0.035	0.257	0.035	0.260	0.035	0.245	0.035	0.360	Spectrum Read#5
G	0.270	0.036	0.260	0.035	0.260	0.035	0.247	0.035	0.260	0.035	0.253	0.035	Spectrum Read#5
H	0.036	0.275	0.035	0.253	0.035	0.251	0.035	0.253	0.035	0.246	0.036	0.262	Spectrum Read#5

Spectrum
Wavelength 6 (560 nm)
	1	2	3	4	5	6	7	8	9	10	11	12
A	0.260	0.036	0.267	0.035	0.281	0.036	0.265	0.035	0.266	0.035	0.263	0.034	Spectrum Read#6
B	0.035	0.269	0.035	0.261	0.035	0.280	0.035	0.262	0.035	0.253	0.034	0.274	Spectrum Read#6
C	0.272	0.035	0.268	0.035	0.274	0.035	0.260	0.035	0.260	0.035	0.266	0.035	Spectrum Read#6
D	0.036	0.266	0.034	0.267	0.035	0.265	0.036	0.270	0.035	0.266	0.034	0.267	Spectrum Read#6
E	0.262	0.035	0.233	0.035	0.275	0.035	0.259	0.035	0.266	0.035	0.266	0.035	Spectrum Read#6
F	0.036	0.274	0.035	0.269	0.035	0.264	0.034	0.267	0.035	0.260	0.035	0.318	Spectrum Read#6
G	0.271	0.035	0.270	0.035	0.267	0.035	0.259	0.035	0.269	0.035	0.263	0.035	Spectrum Read#6
H	0.036	0.271	0.035	0.265	0.035	0.265	0.035	0.263	0.035	0.255	0.035	0.262	Spectrum Read#6

Spectrum
Wavelength 7 (590 nm)
	1	2	3	4	5	6	7	8	9	10	11	12
A	0.256	0.036	0.260	0.035	0.229	0.037	0.263	0.035	0.259	0.035	0.251	0.034	Spectrum Read#7
B	0.035	0.261	0.035	0.257	0.035	0.251	0.035	0.261	0.034	0.248	0.034	0.244	Spectrum Read#7
C	0.262	0.036	0.258	0.035	0.266	0.035	0.261	0.035	0.252	0.035	0.257	0.035	Spectrum Read#7
D	0.036	0.267	0.034	0.259	0.034	0.258	0.035	0.256	0.035	0.254	0.035	0.244	Spectrum Read#7
E	0.252	0.035	0.234	0.035	0.252	0.035	0.264	0.035	0.266	0.035	0.265	0.035	Spectrum Read#7
F	0.036	0.257	0.035	0.263	0.035	0.254	0.034	0.253	0.034	0.268	0.035	0.170	Spectrum Read#7
G	0.242	0.035	0.262	0.035	0.256	0.035	0.258	0.035	0.262	0.035	0.260	0.035	Spectrum Read#7
H	0.036	0.225	0.035	0.263	0.035	0.273	0.035	0.257	0.035	0.249	0.035	0.226	Spectrum Read#7

Spectrum
Wavelength 8 (620 nm)
	1	2	3	4	5	6	7	8	9	10	11	12
A	0.230	0.035	0.232	0.035	0.182	0.036	0.238	0.034	0.231	0.035	0.222	0.034	Spectrum Read#8
B	0.034	0.233	0.034	0.232	0.035	0.213	0.034	0.236	0.034	0.223	0.034	0.206	Spectrum Read#8
C	0.232	0.035	0.229	0.034	0.237	0.034	0.237	0.034	0.224	0.034	0.229	0.035	Spectrum Read#8
D	0.035	0.242	0.034	0.231	0.034	0.231	0.034	0.225	0.034	0.226	0.034	0.210	Spectrum Read#8
E	0.224	0.034	0.214	0.035	0.218	0.034	0.242	0.035	0.241	0.034	0.239	0.034	Spectrum Read#8
F	0.035	0.224	0.034	0.235	0.034	0.225	0.034	0.223	0.035	0.248	0.034	0.080	Spectrum Read#8
G	0.205	0.035	0.234	0.034	0.227	0.034	0.233	0.034	0.234	0.034	0.234	0.035	Spectrum Read#8
H	0.036	0.181	0.034	0.237	0.035	0.252	0.034	0.230	0.034	0.222	0.035	0.187	Spectrum Read#8

Spectrum
Wavelength 9 (650 nm)
	1	2	3	4	5	6	7	8	9	10	11	12
A	0.333	0.035	0.336	0.034	0.245	0.035	0.345	0.034	0.333	0.035	0.319	0.034	Spectrum Read#9
B	0.034	0.336	0.034	0.336	0.034	0.299	0.034	0.342	0.034	0.321	0.033	0.288	Spectrum Read#9
C	0.332	0.034	0.329	0.033	0.340	0.034	0.343	0.034	0.323	0.034	0.330	0.034	Spectrum Read#9
D	0.035	0.353	0.033	0.332	0.034	0.332	0.033	0.321	0.034	0.323	0.034	0.296	Spectrum Read#9
E	0.320	0.034	0.310	0.034	0.307	0.034	0.353	0.034	0.349	0.034	0.348	0.034	Spectrum Read#9
F	0.035	0.318	0.034	0.342	0.033	0.322	0.033	0.318	0.034	0.364	0.034	0.068	Spectrum Read#9
G	0.286	0.034	0.338	0.034	0.325	0.033	0.339	0.033	0.338	0.034	0.340	0.034	Spectrum Read#9
H	0.036	0.243	0.034	0.345	0.034	0.369	0.034	0.333	0.033	0.322	0.035	0.258	Spectrum Read#9

Spectrum
Wavelength 10 (680 nm)
	1	2	3	4	5	6	7	8	9	10	11	12
A	0.115	0.034	0.114	0.033	0.094	0.035	0.117	0.033	0.114	0.034	0.111	0.033	Spectrum Read#10
B	0.033	0.115	0.033	0.115	0.033	0.108	0.033	0.117	0.033	0.110	0.033	0.104	Spectrum Read#10
C	0.118	0.034	0.114	0.033	0.119	0.033	0.119	0.033	0.112	0.033	0.113	0.034	Spectrum Read#10
D	0.035	0.119	0.033	0.115	0.033	0.116	0.033	0.114	0.033	0.113	0.033	0.106	Spectrum Read#10
E	0.113	0.033	0.107	0.033	0.111	0.033	0.120	0.034	0.120	0.033	0.118	0.033	Spectrum Read#10
F	0.034	0.113	0.033	0.117	0.033	0.113	0.033	0.114	0.033	0.122	0.033	0.050	Spectrum Read#10
G	0.105	0.034	0.116	0.033	0.114	0.033	0.116	0.033	0.116	0.033	0.116	0.033	Spectrum Read#10
H	0.035	0.095	0.034	0.117	0.034	0.123	0.034	0.115	0.033	0.111	0.034	0.098	Spectrum Read#10

