Spectrum
Wavelength 1 (410 nm)
	1	2	3	4	5	6	7	8	9	10	11	12
A	0.270	0.042	0.265	0.041	0.269	0.043	0.265	0.042	0.265	0.042	0.264	0.041	Spectrum Read#1
B	0.041	0.265	0.041	0.279	0.041	0.273	0.041	0.274	0.043	0.267	0.041	0.262	Spectrum Read#1
C	0.273	0.042	0.270	0.041	0.273	0.042	0.266	0.042	0.265	0.041	0.264	0.042	Spectrum Read#1
D	0.041	0.261	0.041	0.263	0.044	0.271	0.041	0.263	0.043	0.260	0.042	0.264	Spectrum Read#1
E	0.266	0.042	0.265	0.042	0.266	0.043	0.268	0.041	0.257	0.042	0.262	0.041	Spectrum Read#1
F	0.043	0.258	0.042	0.260	0.042	0.279	0.045	0.264	0.041	0.265	0.042	0.260	Spectrum Read#1
G	0.263	0.042	0.264	0.042	0.268	0.042	0.261	0.041	0.254	0.043	0.253	0.042	Spectrum Read#1
H	0.042	0.265	0.042	0.263	0.042	0.266	0.042	0.260	0.041	0.254	0.042	0.258	Spectrum Read#1

Spectrum
Wavelength 2 (440 nm)
	1	2	3	4	5	6	7	8	9	10	11	12
A	0.253	0.040	0.250	0.038	0.252	0.040	0.250	0.039	0.249	0.040	0.249	0.038	Spectrum Read#2
B	0.038	0.248	0.039	0.261	0.039	0.257	0.039	0.257	0.041	0.250	0.038	0.246	Spectrum Read#2
C	0.256	0.039	0.253	0.039	0.256	0.039	0.249	0.039	0.248	0.038	0.246	0.039	Spectrum Read#2
D	0.039	0.243	0.038	0.246	0.041	0.253	0.038	0.246	0.040	0.244	0.039	0.248	Spectrum Read#2
E	0.249	0.039	0.247	0.038	0.249	0.041	0.249	0.039	0.253	0.038	0.244	0.038	Spectrum Read#2
F	0.040	0.240	0.039	0.243	0.038	0.261	0.042	0.246	0.038	0.248	0.039	0.243	Spectrum Read#2
G	0.247	0.039	0.247	0.039	0.252	0.039	0.244	0.038	0.238	0.040	0.237	0.039	Spectrum Read#2
H	0.040	0.249	0.039	0.246	0.040	0.249	0.039	0.244	0.038	0.249	0.039	0.241	Spectrum Read#2

Spectrum
Wavelength 3 (470 nm)
	1	2	3	4	5	6	7	8	9	10	11	12
A	0.252	0.038	0.259	0.037	0.248	0.039	0.257	0.037	0.253	0.038	0.257	0.037	Spectrum Read#3
B	0.036	0.255	0.037	0.258	0.037	0.262	0.037	0.259	0.039	0.252	0.037	0.252	Spectrum Read#3
C	0.257	0.037	0.263	0.037	0.259	0.038	0.252	0.037	0.252	0.037	0.247	0.037	Spectrum Read#3
D	0.037	0.246	0.037	0.253	0.039	0.254	0.036	0.246	0.038	0.249	0.037	0.254	Spectrum Read#3
E	0.252	0.037	0.253	0.037	0.253	0.039	0.252	0.037	0.293	0.037	0.248	0.037	Spectrum Read#3
F	0.038	0.241	0.037	0.253	0.037	0.263	0.040	0.249	0.037	0.253	0.037	0.244	Spectrum Read#3
G	0.256	0.038	0.256	0.037	0.257	0.037	0.247	0.036	0.245	0.038	0.247	0.037	Spectrum Read#3
H	0.039	0.257	0.037	0.248	0.038	0.255	0.037	0.251	0.037	0.288	0.037	0.242	Spectrum Read#3

Spectrum
Wavelength 4 (500 nm)
	1	2	3	4	5	6	7	8	9	10	11	12
A	0.293	0.037	0.314	0.036	0.284	0.038	0.308	0.036	0.299	0.037	0.310	0.036	Spectrum Read#4
B	0.036	0.306	0.036	0.297	0.036	0.312	0.036	0.305	0.038	0.296	0.036	0.302	Spectrum Read#4
C	0.300	0.037	0.321	0.036	0.306	0.037	0.297	0.037	0.298	0.036	0.289	0.036	Spectrum Read#4
D	0.036	0.291	0.036	0.304	0.039	0.297	0.036	0.287	0.037	0.299	0.036	0.304	Spectrum Read#4
E	0.298	0.036	0.303	0.036	0.301	0.038	0.297	0.036	0.383	0.036	0.296	0.036	Spectrum Read#4
F	0.037	0.283	0.037	0.309	0.036	0.310	0.039	0.295	0.036	0.301	0.036	0.285	Spectrum Read#4
G	0.311	0.037	0.310	0.036	0.306	0.036	0.291	0.036	0.296	0.037	0.303	0.036	Spectrum Read#4
H	0.038	0.309	0.036	0.293	0.038	0.304	0.036	0.303	0.036	0.378	0.037	0.284	Spectrum Read#4

Spectrum
Wavelength 5 (530 nm)
	1	2	3	4	5	6	7	8	9	10	11	12
A	0.338	0.037	0.366	0.036	0.325	0.037	0.358	0.036	0.347	0.036	0.362	0.035	Spectrum Read#5
B	0.035	0.357	0.036	0.342	0.036	0.363	0.036	0.353	0.037	0.342	0.036	0.353	Spectrum Read#5
C	0.346	0.036	0.377	0.036	0.354	0.036	0.345	0.036	0.347	0.036	0.335	0.035	Spectrum Read#5
D	0.035	0.339	0.035	0.356	0.038	0.344	0.035	0.332	0.037	0.349	0.036	0.354	Spectrum Read#5
E	0.346	0.036	0.355	0.035	0.350	0.037	0.345	0.036	0.454	0.035	0.346	0.036	Spectrum Read#5
F	0.036	0.329	0.036	0.364	0.036	0.360	0.038	0.343	0.035	0.352	0.036	0.330	Spectrum Read#5
G	0.364	0.036	0.362	0.036	0.355	0.036	0.338	0.035	0.348	0.037	0.358	0.035	Spectrum Read#5
H	0.038	0.361	0.036	0.341	0.037	0.354	0.036	0.355	0.036	0.448	0.036	0.328	Spectrum Read#5

Spectrum
Wavelength 6 (560 nm)
	1	2	3	4	5	6	7	8	9	10	11	12
A	0.338	0.036	0.353	0.036	0.328	0.037	0.347	0.036	0.341	0.036	0.350	0.035	Spectrum Read#6
B	0.035	0.349	0.035	0.344	0.036	0.355	0.036	0.348	0.037	0.338	0.035	0.343	Spectrum Read#6
C	0.343	0.036	0.363	0.035	0.349	0.036	0.340	0.036	0.342	0.035	0.335	0.035	Spectrum Read#6
D	0.035	0.338	0.035	0.349	0.038	0.343	0.035	0.331	0.036	0.342	0.036	0.345	Spectrum Read#6
E	0.342	0.036	0.349	0.035	0.345	0.037	0.343	0.035	0.391	0.036	0.341	0.035	Spectrum Read#6
F	0.036	0.329	0.036	0.353	0.035	0.357	0.038	0.339	0.035	0.347	0.036	0.329	Spectrum Read#6
G	0.353	0.036	0.352	0.035	0.349	0.035	0.336	0.035	0.340	0.036	0.345	0.036	Spectrum Read#6
H	0.038	0.352	0.036	0.339	0.037	0.347	0.036	0.345	0.036	0.389	0.036	0.327	Spectrum Read#6

Spectrum
Wavelength 7 (590 nm)
	1	2	3	4	5	6	7	8	9	10	11	12
A	0.303	0.036	0.279	0.035	0.305	0.037	0.280	0.035	0.287	0.036	0.280	0.035	Spectrum Read#7
B	0.035	0.287	0.035	0.317	0.035	0.294	0.036	0.300	0.037	0.294	0.036	0.280	Spectrum Read#7
C	0.302	0.036	0.284	0.035	0.298	0.036	0.291	0.036	0.290	0.035	0.296	0.035	Spectrum Read#7
D	0.035	0.291	0.035	0.285	0.038	0.302	0.035	0.293	0.036	0.283	0.036	0.282	Spectrum Read#7
E	0.293	0.036	0.288	0.035	0.292	0.037	0.294	0.035	0.192	0.035	0.288	0.035	Spectrum Read#7
F	0.036	0.290	0.036	0.279	0.035	0.308	0.037	0.290	0.035	0.292	0.036	0.291	Spectrum Read#7
G	0.281	0.036	0.284	0.035	0.293	0.035	0.292	0.035	0.278	0.036	0.269	0.035	Spectrum Read#7
H	0.038	0.286	0.036	0.295	0.037	0.291	0.036	0.281	0.036	0.197	0.036	0.290	Spectrum Read#7

Spectrum
Wavelength 8 (620 nm)
	1	2	3	4	5	6	7	8	9	10	11	12
A	0.259	0.035	0.216	0.035	0.267	0.036	0.221	0.035	0.234	0.035	0.219	0.034	Spectrum Read#8
B	0.034	0.229	0.035	0.276	0.035	0.237	0.035	0.250	0.036	0.245	0.035	0.223	Spectrum Read#8
C	0.255	0.035	0.218	0.035	0.245	0.035	0.241	0.035	0.238	0.035	0.250	0.035	Spectrum Read#8
D	0.035	0.241	0.035	0.228	0.037	0.255	0.034	0.248	0.035	0.228	0.035	0.226	Spectrum Read#8
E	0.242	0.035	0.232	0.035	0.239	0.036	0.243	0.034	0.069	0.035	0.234	0.034	Spectrum Read#8
F	0.035	0.244	0.035	0.216	0.034	0.256	0.036	0.239	0.034	0.238	0.035	0.246	Spectrum Read#8
G	0.220	0.035	0.224	0.034	0.239	0.035	0.243	0.034	0.221	0.036	0.206	0.034	Spectrum Read#8
H	0.037	0.227	0.035	0.247	0.036	0.237	0.035	0.224	0.035	0.078	0.035	0.246	Spectrum Read#8

Spectrum
Wavelength 9 (650 nm)
	1	2	3	4	5	6	7	8	9	10	11	12
A	0.352	0.035	0.276	0.035	0.368	0.036	0.284	0.035	0.309	0.035	0.281	0.034	Spectrum Read#9
B	0.034	0.302	0.035	0.380	0.035	0.311	0.035	0.333	0.036	0.329	0.035	0.291	Spectrum Read#9
C	0.343	0.035	0.278	0.035	0.327	0.035	0.321	0.035	0.318	0.035	0.341	0.035	Spectrum Read#9
D	0.035	0.327	0.034	0.300	0.037	0.346	0.035	0.337	0.036	0.301	0.035	0.293	Spectrum Read#9
E	0.325	0.035	0.308	0.034	0.320	0.036	0.328	0.035	0.047	0.034	0.314	0.034	Spectrum Read#9
F	0.035	0.334	0.035	0.279	0.035	0.344	0.036	0.321	0.034	0.317	0.035	0.334	Spectrum Read#9
G	0.284	0.035	0.291	0.035	0.315	0.035	0.328	0.034	0.292	0.035	0.265	0.034	Spectrum Read#9
H	0.037	0.297	0.035	0.334	0.036	0.314	0.035	0.293	0.035	0.056	0.035	0.334	Spectrum Read#9

Spectrum
Wavelength 10 (680 nm)
	1	2	3	4	5	6	7	8	9	10	11	12
A	0.125	0.034	0.107	0.034	0.129	0.035	0.110	0.034	0.115	0.035	0.108	0.034	Spectrum Read#10
B	0.034	0.114	0.034	0.134	0.034	0.117	0.034	0.122	0.035	0.120	0.034	0.110	Spectrum Read#10
C	0.124	0.034	0.108	0.034	0.121	0.034	0.118	0.034	0.118	0.034	0.123	0.034	Spectrum Read#10
D	0.034	0.118	0.034	0.113	0.036	0.126	0.034	0.122	0.035	0.114	0.034	0.112	Spectrum Read#10
E	0.118	0.034	0.117	0.034	0.119	0.035	0.123	0.034	0.040	0.034	0.117	0.033	Spectrum Read#10
F	0.034	0.120	0.034	0.107	0.034	0.126	0.035	0.118	0.033	0.117	0.034	0.119	Spectrum Read#10
G	0.109	0.035	0.111	0.034	0.117	0.034	0.120	0.034	0.110	0.035	0.103	0.034	Spectrum Read#10
H	0.036	0.113	0.034	0.121	0.035	0.116	0.034	0.111	0.035	0.044	0.034	0.121	Spectrum Read#10

