Spectrum
Wavelength 1 (590 nm)
	1	2	3	4	5	6	7	8	9	10	11	12
A	0.283	0.059	0.271	0.036	0.296	0.038	0.286	0.036	0.299	0.037	0.281	0.036	Spectrum Read#1
B	0.036	0.282	0.036	0.279	0.036	0.209	0.039	0.286	0.042	0.290	0.035	0.278	Spectrum Read#1
C	0.286	0.040	0.288	0.042	0.282	0.037	0.285	0.040	0.286	0.037	0.281	0.036	Spectrum Read#1
D	0.036	0.274	0.038	0.280	0.036	0.268	0.043	0.282	0.036	0.282	0.049	0.280	Spectrum Read#1
E	0.278	0.037	0.292	0.036	0.279	0.036	0.274	0.038	0.295	0.036	0.285	0.038	Spectrum Read#1
F	0.036	0.256	0.037	0.281	0.036	0.278	0.036	0.279	0.036	0.280	0.038	0.282	Spectrum Read#1
G	0.276	0.040	0.291	0.036	0.283	0.041	0.287	0.036	0.277	0.036	0.281	0.037	Spectrum Read#1
H	0.044	0.276	0.036	0.256	0.038	0.266	0.039	0.269	0.035	0.279	0.037	0.059	Spectrum Read#1

Spectrum
Wavelength 2 (620 nm)
	1	2	3	4	5	6	7	8	9	10	11	12
A	0.237	0.056	0.211	0.035	0.251	0.037	0.240	0.035	0.267	0.036	0.236	0.036	Spectrum Read#2
B	0.035	0.234	0.035	0.231	0.036	0.095	0.038	0.244	0.041	0.246	0.035	0.231	Spectrum Read#2
C	0.243	0.040	0.242	0.042	0.231	0.036	0.243	0.039	0.245	0.036	0.231	0.036	Spectrum Read#2
D	0.035	0.222	0.037	0.227	0.035	0.224	0.042	0.236	0.035	0.235	0.047	0.237	Spectrum Read#2
E	0.229	0.036	0.247	0.035	0.226	0.036	0.225	0.037	0.255	0.035	0.238	0.036	Spectrum Read#2
F	0.035	0.189	0.036	0.232	0.035	0.234	0.035	0.233	0.036	0.230	0.037	0.242	Spectrum Read#2
G	0.225	0.040	0.244	0.036	0.236	0.040	0.241	0.035	0.228	0.036	0.235	0.036	Spectrum Read#2
H	0.043	0.224	0.035	0.186	0.037	0.206	0.039	0.218	0.035	0.235	0.036	0.057	Spectrum Read#2

Spectrum
Wavelength 3 (650 nm)
	1	2	3	4	5	6	7	8	9	10	11	12
A	0.319	0.053	0.269	0.034	0.334	0.036	0.322	0.034	0.371	0.035	0.318	0.035	Spectrum Read#3
B	0.034	0.311	0.034	0.308	0.035	0.074	0.037	0.331	0.040	0.333	0.034	0.308	Spectrum Read#3
C	0.329	0.038	0.326	0.040	0.305	0.035	0.329	0.038	0.334	0.035	0.305	0.035	Spectrum Read#3
D	0.034	0.293	0.036	0.296	0.035	0.299	0.041	0.313	0.035	0.314	0.045	0.320	Spectrum Read#3
E	0.303	0.035	0.333	0.035	0.295	0.035	0.298	0.036	0.347	0.035	0.318	0.036	Spectrum Read#3
F	0.034	0.233	0.035	0.308	0.034	0.315	0.034	0.314	0.035	0.305	0.036	0.329	Spectrum Read#3
G	0.298	0.038	0.329	0.035	0.317	0.039	0.324	0.035	0.302	0.035	0.314	0.035	Spectrum Read#3
H	0.043	0.296	0.035	0.225	0.036	0.263	0.038	0.284	0.034	0.315	0.035	0.325	Spectrum Read#3

Spectrum
Wavelength 4 (680 nm)
	1	2	3	4	5	6	7	8	9	10	11	12
A	0.115	0.051	0.103	0.034	0.125	0.036	0.116	0.034	0.128	0.035	0.115	0.035	Spectrum Read#4
B	0.034	0.114	0.034	0.113	0.034	0.059	0.037	0.118	0.040	0.119	0.034	0.113	Spectrum Read#4
C	0.118	0.038	0.117	0.039	0.113	0.035	0.118	0.037	0.119	0.035	0.113	0.034	Spectrum Read#4
D	0.034	0.109	0.036	0.111	0.034	0.111	0.040	0.115	0.034	0.115	0.044	0.116	Spectrum Read#4
E	0.112	0.035	0.119	0.034	0.110	0.035	0.110	0.036	0.123	0.034	0.116	0.035	Spectrum Read#4
F	0.034	0.095	0.035	0.113	0.034	0.115	0.034	0.114	0.034	0.113	0.036	0.118	Spectrum Read#4
G	0.111	0.038	0.119	0.034	0.115	0.039	0.117	0.034	0.112	0.035	0.115	0.035	Spectrum Read#4
H	0.043	0.111	0.034	0.093	0.036	0.102	0.037	0.108	0.033	0.115	0.035	0.056	Spectrum Read#4

