Spectrum
Wavelength 1 (410 nm)
	1	2	3	4	5	6	7	8	9	10	11	12
A	0.277	0.043	0.278	0.041	0.271	0.042	0.275	0.041	0.272	0.041	0.273	0.041	Spectrum Read#1
B	0.041	0.278	0.041	0.279	0.041	0.275	0.041	0.271	0.041	0.279	0.041	0.270	Spectrum Read#1
C	0.269	0.042	0.281	0.042	0.275	0.042	0.276	0.042	0.279	0.044	0.279	0.041	Spectrum Read#1
D	0.041	0.270	0.041	0.282	0.041	0.273	0.048	0.276	0.044	0.273	0.043	0.265	Spectrum Read#1
E	0.275	0.041	0.282	0.041	0.279	0.041	0.274	0.041	0.273	0.041	0.276	0.043	Spectrum Read#1
F	0.042	0.271	0.041	0.273	0.042	0.275	0.043	0.276	0.041	0.271	0.041	0.264	Spectrum Read#1
G	0.271	0.054	0.280	0.041	0.280	0.041	0.272	0.041	0.271	0.041	0.270	0.043	Spectrum Read#1
H	0.041	0.270	0.041	0.273	0.041	0.261	0.041	0.262	0.042	0.264	0.050	0.262	Spectrum Read#1

Spectrum
Wavelength 2 (440 nm)
	1	2	3	4	5	6	7	8	9	10	11	12
A	0.275	0.040	0.262	0.038	0.255	0.040	0.259	0.038	0.255	0.039	0.257	0.038	Spectrum Read#2
B	0.038	0.262	0.038	0.261	0.038	0.258	0.038	0.255	0.038	0.261	0.038	0.254	Spectrum Read#2
C	0.252	0.038	0.264	0.039	0.258	0.039	0.259	0.039	0.262	0.041	0.261	0.038	Spectrum Read#2
D	0.038	0.252	0.038	0.266	0.038	0.258	0.045	0.259	0.042	0.256	0.040	0.249	Spectrum Read#2
E	0.258	0.038	0.265	0.038	0.260	0.038	0.257	0.038	0.256	0.038	0.259	0.040	Spectrum Read#2
F	0.039	0.255	0.038	0.256	0.039	0.258	0.040	0.258	0.038	0.255	0.038	0.248	Spectrum Read#2
G	0.253	0.051	0.262	0.038	0.262	0.038	0.255	0.038	0.254	0.038	0.254	0.040	Spectrum Read#2
H	0.039	0.253	0.038	0.255	0.039	0.243	0.038	0.246	0.039	0.247	0.047	0.245	Spectrum Read#2

Spectrum
Wavelength 3 (470 nm)
	1	2	3	4	5	6	7	8	9	10	11	12
A	0.321	0.040	0.272	0.037	0.261	0.039	0.268	0.037	0.261	0.038	0.264	0.037	Spectrum Read#3
B	0.037	0.269	0.037	0.265	0.037	0.259	0.037	0.263	0.037	0.261	0.037	0.260	Spectrum Read#3
C	0.257	0.038	0.270	0.038	0.262	0.037	0.264	0.038	0.262	0.040	0.262	0.037	Spectrum Read#3
D	0.037	0.255	0.037	0.274	0.037	0.266	0.043	0.259	0.041	0.257	0.039	0.256	Spectrum Read#3
E	0.264	0.037	0.268	0.037	0.258	0.037	0.258	0.037	0.257	0.037	0.261	0.039	Spectrum Read#3
F	0.038	0.266	0.037	0.263	0.038	0.259	0.038	0.257	0.037	0.258	0.037	0.255	Spectrum Read#3
G	0.258	0.049	0.263	0.037	0.266	0.037	0.256	0.037	0.261	0.037	0.260	0.039	Spectrum Read#3
H	0.039	0.257	0.037	0.259	0.038	0.252	0.037	0.256	0.038	0.252	0.045	0.253	Spectrum Read#3

Spectrum
Wavelength 4 (500 nm)
	1	2	3	4	5	6	7	8	9	10	11	12
A	0.420	0.039	0.329	0.036	0.312	0.037	0.322	0.036	0.312	0.037	0.317	0.036	Spectrum Read#4
B	0.036	0.323	0.036	0.314	0.036	0.303	0.036	0.318	0.036	0.302	0.036	0.312	Spectrum Read#4
C	0.304	0.036	0.322	0.037	0.310	0.037	0.314	0.037	0.304	0.038	0.305	0.036	Spectrum Read#4
D	0.036	0.299	0.036	0.332	0.036	0.320	0.042	0.299	0.039	0.301	0.038	0.307	Spectrum Read#4
E	0.316	0.036	0.314	0.036	0.297	0.036	0.301	0.036	0.299	0.036	0.306	0.038	Spectrum Read#4
F	0.037	0.327	0.036	0.314	0.036	0.302	0.037	0.297	0.036	0.304	0.036	0.305	Spectrum Read#4
G	0.309	0.047	0.307	0.036	0.315	0.036	0.299	0.036	0.311	0.036	0.311	0.038	Spectrum Read#4
H	0.038	0.305	0.036	0.306	0.037	0.304	0.036	0.312	0.037	0.301	0.043	0.305	Spectrum Read#4

Spectrum
Wavelength 5 (530 nm)
	1	2	3	4	5	6	7	8	9	10	11	12
A	0.497	0.038	0.385	0.035	0.363	0.037	0.374	0.035	0.362	0.036	0.369	0.035	Spectrum Read#5
B	0.035	0.376	0.035	0.363	0.036	0.350	0.036	0.372	0.035	0.348	0.036	0.363	Spectrum Read#5
C	0.353	0.036	0.375	0.036	0.359	0.036	0.363	0.036	0.350	0.038	0.351	0.035	Spectrum Read#5
D	0.035	0.347	0.035	0.388	0.036	0.373	0.041	0.343	0.039	0.347	0.037	0.357	Spectrum Read#5
E	0.369	0.036	0.363	0.036	0.341	0.035	0.347	0.035	0.345	0.036	0.353	0.037	Spectrum Read#5
F	0.036	0.384	0.036	0.366	0.036	0.348	0.036	0.342	0.035	0.352	0.036	0.356	Spectrum Read#5
G	0.361	0.046	0.356	0.035	0.366	0.036	0.346	0.035	0.363	0.036	0.363	0.037	Spectrum Read#5
H	0.038	0.357	0.035	0.357	0.037	0.357	0.036	0.366	0.037	0.351	0.042	0.357	Spectrum Read#5

Spectrum
Wavelength 6 (560 nm)
	1	2	3	4	5	6	7	8	9	10	11	12
A	0.427	0.038	0.372	0.035	0.354	0.037	0.362	0.035	0.354	0.036	0.359	0.035	Spectrum Read#6
B	0.035	0.366	0.035	0.358	0.035	0.348	0.036	0.360	0.036	0.348	0.036	0.354	Spectrum Read#6
C	0.347	0.036	0.367	0.036	0.353	0.036	0.355	0.036	0.348	0.038	0.350	0.035	Spectrum Read#6
D	0.035	0.345	0.035	0.375	0.035	0.361	0.041	0.344	0.039	0.344	0.037	0.346	Spectrum Read#6
E	0.360	0.036	0.359	0.035	0.344	0.035	0.344	0.035	0.344	0.035	0.350	0.037	Spectrum Read#6
F	0.036	0.370	0.035	0.359	0.036	0.347	0.036	0.342	0.035	0.347	0.036	0.348	Spectrum Read#6
G	0.357	0.045	0.355	0.035	0.362	0.035	0.345	0.035	0.355	0.035	0.355	0.037	Spectrum Read#6
H	0.037	0.354	0.035	0.354	0.037	0.351	0.035	0.353	0.037	0.346	0.042	0.350	Spectrum Read#6

Spectrum
Wavelength 7 (590 nm)
	1	2	3	4	5	6	7	8	9	10	11	12
A	0.205	0.037	0.294	0.035	0.292	0.036	0.292	0.035	0.293	0.036	0.293	0.035	Spectrum Read#7
B	0.035	0.297	0.035	0.306	0.035	0.305	0.036	0.289	0.035	0.313	0.035	0.290	Spectrum Read#7
C	0.295	0.035	0.304	0.036	0.299	0.035	0.296	0.036	0.310	0.038	0.311	0.035	Spectrum Read#7
D	0.035	0.301	0.035	0.301	0.035	0.290	0.040	0.311	0.038	0.302	0.037	0.283	Spectrum Read#7
E	0.298	0.035	0.312	0.035	0.317	0.035	0.305	0.035	0.306	0.035	0.305	0.037	Spectrum Read#7
F	0.036	0.285	0.035	0.299	0.036	0.307	0.036	0.310	0.035	0.299	0.035	0.285	Spectrum Read#7
G	0.301	0.044	0.315	0.035	0.310	0.035	0.306	0.035	0.294	0.035	0.294	0.037	Spectrum Read#7
H	0.037	0.303	0.035	0.305	0.037	0.288	0.035	0.280	0.037	0.292	0.041	0.288	Spectrum Read#7

Spectrum
Wavelength 8 (620 nm)
	1	2	3	4	5	6	7	8	9	10	11	12
A	0.071	0.037	0.229	0.035	0.235	0.036	0.231	0.035	0.237	0.035	0.234	0.035	Spectrum Read#8
B	0.034	0.237	0.035	0.253	0.035	0.257	0.035	0.227	0.035	0.269	0.035	0.232	Spectrum Read#8
C	0.243	0.035	0.246	0.036	0.246	0.035	0.241	0.035	0.264	0.037	0.264	0.035	Spectrum Read#8
D	0.035	0.253	0.035	0.237	0.035	0.229	0.039	0.267	0.038	0.255	0.036	0.227	Spectrum Read#8
E	0.241	0.035	0.261	0.035	0.276	0.035	0.258	0.035	0.261	0.035	0.256	0.036	Spectrum Read#8
F	0.035	0.217	0.035	0.242	0.035	0.261	0.035	0.267	0.035	0.249	0.035	0.228	Spectrum Read#8
G	0.245	0.043	0.267	0.035	0.256	0.035	0.259	0.035	0.238	0.035	0.238	0.037	Spectrum Read#8
H	0.037	0.250	0.035	0.254	0.036	0.230	0.035	0.218	0.037	0.239	0.040	0.231	Spectrum Read#8

Spectrum
Wavelength 9 (650 nm)
	1	2	3	4	5	6	7	8	9	10	11	12
A	0.046	0.036	0.291	0.034	0.307	0.035	0.296	0.034	0.310	0.035	0.302	0.034	Spectrum Read#9
B	0.034	0.305	0.034	0.336	0.034	0.346	0.034	0.293	0.035	0.363	0.034	0.301	Spectrum Read#9
C	0.322	0.035	0.322	0.035	0.324	0.035	0.315	0.035	0.356	0.037	0.356	0.034	Spectrum Read#9
D	0.034	0.340	0.034	0.304	0.034	0.295	0.039	0.364	0.037	0.342	0.036	0.293	Spectrum Read#9
E	0.315	0.035	0.348	0.034	0.378	0.034	0.348	0.034	0.352	0.034	0.344	0.036	Spectrum Read#9
F	0.035	0.274	0.034	0.318	0.035	0.352	0.035	0.363	0.034	0.331	0.034	0.298	Spectrum Read#9
G	0.327	0.042	0.361	0.034	0.343	0.034	0.351	0.034	0.311	0.034	0.311	0.036	Spectrum Read#9
H	0.037	0.337	0.034	0.340	0.036	0.305	0.034	0.278	0.036	0.317	0.039	0.303	Spectrum Read#9

Spectrum
Wavelength 10 (680 nm)
	1	2	3	4	5	6	7	8	9	10	11	12
A	0.039	0.036	0.111	0.034	0.115	0.035	0.112	0.033	0.115	0.034	0.114	0.033	Spectrum Read#10
B	0.034	0.115	0.034	0.122	0.033	0.124	0.034	0.110	0.034	0.129	0.034	0.113	Spectrum Read#10
C	0.118	0.034	0.119	0.034	0.120	0.034	0.118	0.034	0.128	0.036	0.126	0.034	Spectrum Read#10
D	0.034	0.122	0.034	0.114	0.034	0.112	0.038	0.129	0.037	0.124	0.035	0.111	Spectrum Read#10
E	0.117	0.034	0.126	0.034	0.132	0.034	0.125	0.034	0.126	0.034	0.124	0.035	Spectrum Read#10
F	0.034	0.107	0.034	0.118	0.034	0.126	0.034	0.129	0.033	0.120	0.034	0.112	Spectrum Read#10
G	0.120	0.041	0.129	0.033	0.123	0.034	0.125	0.033	0.116	0.034	0.116	0.036	Spectrum Read#10
H	0.036	0.122	0.034	0.123	0.035	0.113	0.034	0.107	0.036	0.117	0.038	0.114	Spectrum Read#10

