Spectrum
Wavelength 1 (410 nm)
	1	2	3	4	5	6	7	8	9	10	11	12
A	0.191	0.039	0.197	0.039	0.196	0.043	0.199	0.039	0.197	0.039	0.199	0.040	Spectrum Read#1
B	0.040	0.198	0.040	0.196	0.039	0.200	0.039	0.196	0.039	0.197	0.039	0.199	Spectrum Read#1
C	0.199	0.040	0.196	0.039	0.197	0.039	0.198	0.040	0.198	0.040	0.199	0.040	Spectrum Read#1
D	0.040	0.198	0.039	0.190	0.040	0.185	0.040	0.190	0.040	0.204	0.039	0.199	Spectrum Read#1
E	0.204	0.040	0.194	0.041	0.195	0.039	0.207	0.039	0.202	0.040	0.198	0.040	Spectrum Read#1
F	0.039	0.195	0.039	0.195	0.039	0.198	0.040	0.202	0.040	0.197	0.039	0.197	Spectrum Read#1
G	0.196	0.039	0.194	0.039	0.186	0.041	0.195	0.048	0.191	0.039	0.196	0.039	Spectrum Read#1
H	0.039	0.195	0.040	0.196	0.040	0.193	0.040	0.195	0.039	0.195	0.039	0.197	Spectrum Read#1

Spectrum
Wavelength 2 (440 nm)
	1	2	3	4	5	6	7	8	9	10	11	12
A	0.178	0.037	0.184	0.038	0.183	0.041	0.185	0.038	0.185	0.037	0.186	0.038	Spectrum Read#2
B	0.038	0.185	0.039	0.183	0.037	0.187	0.037	0.183	0.037	0.184	0.037	0.186	Spectrum Read#2
C	0.186	0.038	0.183	0.037	0.184	0.037	0.185	0.038	0.186	0.039	0.186	0.038	Spectrum Read#2
D	0.039	0.185	0.039	0.178	0.037	0.176	0.038	0.180	0.037	0.192	0.039	0.186	Spectrum Read#2
E	0.190	0.038	0.182	0.038	0.184	0.037	0.195	0.038	0.190	0.039	0.186	0.039	Spectrum Read#2
F	0.038	0.182	0.039	0.181	0.038	0.185	0.037	0.189	0.038	0.184	0.037	0.184	Spectrum Read#2
G	0.182	0.037	0.180	0.038	0.175	0.039	0.183	0.047	0.179	0.037	0.183	0.037	Spectrum Read#2
H	0.037	0.181	0.039	0.184	0.038	0.180	0.038	0.182	0.037	0.183	0.037	0.185	Spectrum Read#2

Spectrum
Wavelength 3 (470 nm)
	1	2	3	4	5	6	7	8	9	10	11	12
A	0.171	0.036	0.179	0.037	0.179	0.040	0.177	0.037	0.182	0.037	0.183	0.037	Spectrum Read#3
B	0.037	0.180	0.039	0.180	0.036	0.184	0.036	0.180	0.037	0.181	0.036	0.180	Spectrum Read#3
C	0.182	0.036	0.180	0.036	0.182	0.036	0.184	0.037	0.183	0.037	0.183	0.038	Spectrum Read#3
D	0.038	0.180	0.038	0.177	0.036	0.189	0.036	0.189	0.037	0.191	0.038	0.185	Spectrum Read#3
E	0.186	0.036	0.181	0.037	0.182	0.036	0.193	0.037	0.186	0.039	0.182	0.038	Spectrum Read#3
F	0.038	0.179	0.038	0.178	0.038	0.181	0.036	0.186	0.036	0.182	0.036	0.180	Spectrum Read#3
G	0.178	0.036	0.176	0.037	0.172	0.038	0.185	0.045	0.182	0.036	0.180	0.036	Spectrum Read#3
H	0.037	0.176	0.038	0.181	0.037	0.179	0.037	0.180	0.037	0.182	0.037	0.182	Spectrum Read#3

Spectrum
Wavelength 4 (500 nm)
	1	2	3	4	5	6	7	8	9	10	11	12
A	0.186	0.036	0.197	0.037	0.199	0.040	0.192	0.036	0.205	0.036	0.208	0.036	Spectrum Read#4
B	0.037	0.198	0.038	0.201	0.036	0.207	0.035	0.203	0.037	0.202	0.037	0.201	Spectrum Read#4
C	0.201	0.035	0.204	0.035	0.204	0.035	0.209	0.036	0.205	0.036	0.206	0.037	Spectrum Read#4
D	0.037	0.200	0.036	0.199	0.036	0.237	0.036	0.233	0.037	0.215	0.036	0.208	Spectrum Read#4
E	0.208	0.036	0.203	0.038	0.205	0.035	0.220	0.035	0.208	0.038	0.204	0.037	Spectrum Read#4
F	0.037	0.201	0.035	0.202	0.036	0.202	0.035	0.206	0.037	0.205	0.035	0.199	Spectrum Read#4
G	0.199	0.035	0.196	0.035	0.193	0.037	0.213	0.043	0.212	0.036	0.203	0.035	Spectrum Read#4
H	0.036	0.194	0.036	0.201	0.037	0.202	0.036	0.203	0.037	0.206	0.036	0.205	Spectrum Read#4

Spectrum
Wavelength 5 (530 nm)
	1	2	3	4	5	6	7	8	9	10	11	12
A	0.210	0.037	0.224	0.037	0.227	0.039	0.217	0.036	0.236	0.037	0.238	0.036	Spectrum Read#5
B	0.037	0.225	0.037	0.229	0.036	0.237	0.035	0.232	0.037	0.230	0.037	0.229	Spectrum Read#5
C	0.228	0.035	0.236	0.036	0.234	0.035	0.240	0.036	0.235	0.036	0.237	0.037	Spectrum Read#5
D	0.036	0.228	0.035	0.227	0.036	0.281	0.036	0.274	0.037	0.245	0.035	0.239	Spectrum Read#5
E	0.236	0.037	0.232	0.038	0.236	0.035	0.253	0.035	0.238	0.036	0.234	0.037	Spectrum Read#5
F	0.038	0.231	0.035	0.232	0.035	0.231	0.035	0.233	0.038	0.234	0.036	0.227	Spectrum Read#5
G	0.227	0.035	0.224	0.035	0.222	0.036	0.247	0.043	0.246	0.036	0.233	0.036	Spectrum Read#5
H	0.037	0.221	0.036	0.229	0.037	0.232	0.036	0.234	0.037	0.237	0.036	0.234	Spectrum Read#5

Spectrum
Wavelength 6 (560 nm)
	1	2	3	4	5	6	7	8	9	10	11	12
A	0.223	0.037	0.235	0.037	0.236	0.039	0.230	0.036	0.243	0.037	0.245	0.037	Spectrum Read#6
B	0.038	0.236	0.036	0.237	0.036	0.244	0.036	0.240	0.037	0.238	0.038	0.239	Spectrum Read#6
C	0.238	0.037	0.243	0.037	0.241	0.035	0.245	0.036	0.243	0.037	0.244	0.038	Spectrum Read#6
D	0.036	0.239	0.035	0.233	0.036	0.266	0.036	0.264	0.037	0.250	0.036	0.245	Spectrum Read#6
E	0.244	0.038	0.239	0.037	0.243	0.035	0.257	0.037	0.245	0.036	0.242	0.036	Spectrum Read#6
F	0.038	0.239	0.036	0.239	0.037	0.240	0.036	0.243	0.038	0.240	0.036	0.237	Spectrum Read#6
G	0.236	0.035	0.234	0.036	0.231	0.037	0.249	0.045	0.247	0.036	0.241	0.036	Spectrum Read#6
H	0.037	0.233	0.036	0.238	0.038	0.239	0.037	0.241	0.037	0.242	0.036	0.241	Spectrum Read#6

Spectrum
Wavelength 7 (590 nm)
	1	2	3	4	5	6	7	8	9	10	11	12
A	0.235	0.037	0.242	0.037	0.236	0.040	0.243	0.036	0.235	0.038	0.236	0.037	Spectrum Read#7
B	0.038	0.242	0.036	0.233	0.035	0.234	0.036	0.233	0.037	0.237	0.038	0.241	Spectrum Read#7
C	0.242	0.038	0.232	0.038	0.233	0.035	0.230	0.037	0.235	0.038	0.235	0.038	Spectrum Read#7
D	0.036	0.238	0.036	0.225	0.036	0.193	0.036	0.203	0.036	0.239	0.037	0.235	Spectrum Read#7
E	0.237	0.039	0.232	0.036	0.231	0.036	0.239	0.037	0.238	0.036	0.237	0.036	Spectrum Read#7
F	0.038	0.233	0.037	0.232	0.038	0.236	0.036	0.243	0.037	0.232	0.036	0.241	Spectrum Read#7
G	0.235	0.035	0.236	0.037	0.223	0.038	0.226	0.045	0.219	0.035	0.233	0.036	Spectrum Read#7
H	0.037	0.239	0.036	0.236	0.038	0.230	0.037	0.232	0.037	0.230	0.036	0.234	Spectrum Read#7

Spectrum
Wavelength 8 (620 nm)
	1	2	3	4	5	6	7	8	9	10	11	12
A	0.221	0.037	0.224	0.037	0.214	0.039	0.227	0.036	0.211	0.037	0.211	0.037	Spectrum Read#8
B	0.037	0.224	0.035	0.210	0.035	0.208	0.035	0.209	0.036	0.215	0.037	0.220	Spectrum Read#8
C	0.222	0.038	0.206	0.038	0.208	0.035	0.202	0.037	0.211	0.038	0.210	0.037	Spectrum Read#8
D	0.035	0.217	0.037	0.202	0.035	0.139	0.036	0.155	0.035	0.212	0.037	0.209	Spectrum Read#8
E	0.213	0.038	0.208	0.035	0.205	0.035	0.209	0.037	0.213	0.037	0.214	0.035	Spectrum Read#8
F	0.038	0.209	0.037	0.207	0.037	0.213	0.035	0.222	0.035	0.208	0.036	0.221	Spectrum Read#8
G	0.213	0.035	0.216	0.037	0.198	0.037	0.193	0.043	0.186	0.035	0.208	0.035	Spectrum Read#8
H	0.036	0.220	0.035	0.214	0.038	0.204	0.037	0.207	0.036	0.203	0.035	0.210	Spectrum Read#8

Spectrum
Wavelength 9 (650 nm)
	1	2	3	4	5	6	7	8	9	10	11	12
A	0.320	0.036	0.323	0.036	0.308	0.038	0.331	0.035	0.299	0.037	0.299	0.036	Spectrum Read#9
B	0.036	0.323	0.034	0.301	0.034	0.294	0.034	0.298	0.035	0.308	0.036	0.315	Spectrum Read#9
C	0.319	0.037	0.291	0.037	0.295	0.034	0.283	0.036	0.299	0.037	0.298	0.035	Spectrum Read#9
D	0.034	0.311	0.037	0.288	0.035	0.171	0.035	0.198	0.035	0.300	0.037	0.296	Spectrum Read#9
E	0.302	0.037	0.297	0.035	0.288	0.034	0.291	0.035	0.300	0.036	0.305	0.034	Spectrum Read#9
F	0.037	0.299	0.037	0.297	0.036	0.303	0.034	0.317	0.034	0.296	0.035	0.318	Spectrum Read#9
G	0.306	0.034	0.315	0.035	0.281	0.036	0.267	0.042	0.255	0.034	0.297	0.034	Spectrum Read#9
H	0.036	0.320	0.034	0.306	0.037	0.289	0.036	0.295	0.035	0.288	0.034	0.298	Spectrum Read#9

Spectrum
Wavelength 10 (680 nm)
	1	2	3	4	5	6	7	8	9	10	11	12
A	0.111	0.036	0.113	0.036	0.107	0.037	0.113	0.035	0.107	0.036	0.107	0.036	Spectrum Read#10
B	0.035	0.111	0.034	0.106	0.033	0.106	0.034	0.105	0.034	0.107	0.035	0.110	Spectrum Read#10
C	0.111	0.036	0.106	0.036	0.107	0.034	0.105	0.036	0.108	0.037	0.107	0.035	Spectrum Read#10
D	0.033	0.110	0.037	0.105	0.034	0.075	0.034	0.084	0.035	0.111	0.037	0.105	Spectrum Read#10
E	0.110	0.036	0.107	0.035	0.103	0.033	0.111	0.034	0.110	0.037	0.109	0.034	Spectrum Read#10
F	0.037	0.105	0.036	0.105	0.034	0.107	0.034	0.112	0.034	0.107	0.034	0.112	Spectrum Read#10
G	0.107	0.033	0.109	0.034	0.100	0.035	0.100	0.040	0.096	0.034	0.105	0.034	Spectrum Read#10
H	0.036	0.109	0.034	0.107	0.036	0.103	0.035	0.106	0.035	0.103	0.034	0.107	Spectrum Read#10

