Spectrum
Wavelength 1 (410 nm)
	1	2	3	4	5	6	7	8	9	10	11	12
A	0.217	0.038	0.217	0.037	0.213	0.039	0.213	0.043	0.217	0.038	0.222	0.037	Spectrum Read#1
B	0.038	0.218	0.038	0.205	0.037	0.213	0.037	0.217	0.038	0.216	0.037	0.216	Spectrum Read#1
C	0.219	0.038	0.220	0.037	0.218	0.037	0.221	0.038	0.221	0.038	0.206	0.037	Spectrum Read#1
D	0.037	0.205	0.037	0.200	0.039	0.204	0.038	0.202	0.037	0.217	0.037	0.205	Spectrum Read#1
E	0.206	0.037	0.203	0.037	0.219	0.038	0.206	0.038	0.203	0.038	0.207	0.037	Spectrum Read#1
F	0.038	0.203	0.038	0.202	0.038	0.202	0.037	0.210	0.037	0.204	0.037	0.204	Spectrum Read#1
G	0.210	0.038	0.204	0.037	0.203	0.038	0.216	0.038	0.222	0.038	0.207	0.038	Spectrum Read#1
H	0.038	0.203	0.038	0.215	0.037	0.204	0.038	0.202	0.038	0.208	0.038	0.204	Spectrum Read#1

Spectrum
Wavelength 2 (440 nm)
	1	2	3	4	5	6	7	8	9	10	11	12
A	0.202	0.038	0.203	0.036	0.200	0.039	0.200	0.042	0.203	0.037	0.208	0.036	Spectrum Read#2
B	0.037	0.204	0.037	0.193	0.036	0.200	0.036	0.203	0.037	0.202	0.036	0.202	Spectrum Read#2
C	0.204	0.037	0.206	0.036	0.204	0.036	0.207	0.037	0.206	0.037	0.202	0.036	Spectrum Read#2
D	0.037	0.201	0.037	0.196	0.038	0.201	0.037	0.195	0.036	0.213	0.036	0.201	Spectrum Read#2
E	0.202	0.036	0.200	0.037	0.214	0.037	0.202	0.037	0.200	0.037	0.204	0.037	Spectrum Read#2
F	0.037	0.200	0.037	0.198	0.037	0.199	0.036	0.206	0.037	0.201	0.037	0.200	Spectrum Read#2
G	0.206	0.038	0.201	0.037	0.200	0.037	0.213	0.037	0.208	0.037	0.204	0.036	Spectrum Read#2
H	0.037	0.199	0.037	0.210	0.036	0.200	0.037	0.199	0.037	0.205	0.037	0.201	Spectrum Read#2

Spectrum
Wavelength 3 (470 nm)
	1	2	3	4	5	6	7	8	9	10	11	12
A	0.196	0.037	0.199	0.035	0.201	0.038	0.202	0.041	0.199	0.036	0.206	0.035	Spectrum Read#3
B	0.035	0.201	0.036	0.194	0.035	0.202	0.035	0.203	0.036	0.199	0.035	0.199	Spectrum Read#3
C	0.197	0.035	0.203	0.035	0.202	0.036	0.203	0.035	0.204	0.036	0.235	0.035	Spectrum Read#3
D	0.035	0.235	0.035	0.230	0.037	0.235	0.035	0.225	0.035	0.245	0.035	0.235	Spectrum Read#3
E	0.236	0.035	0.234	0.035	0.246	0.035	0.236	0.035	0.235	0.035	0.238	0.036	Spectrum Read#3
F	0.036	0.233	0.035	0.230	0.036	0.233	0.035	0.240	0.035	0.235	0.035	0.234	Spectrum Read#3
G	0.240	0.037	0.235	0.035	0.234	0.036	0.244	0.035	0.203	0.036	0.238	0.035	Spectrum Read#3
H	0.036	0.233	0.036	0.243	0.035	0.234	0.036	0.233	0.035	0.239	0.037	0.235	Spectrum Read#3

Spectrum
Wavelength 4 (500 nm)
	1	2	3	4	5	6	7	8	9	10	11	12
A	0.217	0.036	0.227	0.035	0.234	0.037	0.237	0.040	0.225	0.036	0.234	0.035	Spectrum Read#4
B	0.035	0.228	0.035	0.226	0.035	0.236	0.035	0.234	0.036	0.226	0.035	0.226	Spectrum Read#4
C	0.219	0.035	0.230	0.035	0.231	0.035	0.230	0.035	0.233	0.035	0.310	0.035	Spectrum Read#4
D	0.035	0.314	0.035	0.308	0.036	0.314	0.035	0.300	0.035	0.322	0.035	0.310	Spectrum Read#4
E	0.314	0.035	0.312	0.035	0.322	0.035	0.313	0.035	0.313	0.035	0.316	0.035	Spectrum Read#4
F	0.035	0.310	0.035	0.305	0.035	0.311	0.035	0.318	0.035	0.314	0.035	0.312	Spectrum Read#4
G	0.319	0.036	0.314	0.035	0.313	0.035	0.320	0.035	0.229	0.035	0.316	0.035	Spectrum Read#4
H	0.036	0.311	0.035	0.321	0.035	0.312	0.036	0.310	0.035	0.319	0.036	0.314	Spectrum Read#4

Spectrum
Wavelength 5 (530 nm)
	1	2	3	4	5	6	7	8	9	10	11	12
A	0.248	0.036	0.261	0.035	0.273	0.037	0.277	0.040	0.258	0.036	0.269	0.035	Spectrum Read#5
B	0.035	0.263	0.035	0.262	0.035	0.275	0.035	0.271	0.035	0.261	0.034	0.261	Spectrum Read#5
C	0.250	0.035	0.264	0.035	0.266	0.035	0.265	0.035	0.268	0.035	0.372	0.035	Spectrum Read#5
D	0.035	0.377	0.035	0.370	0.036	0.377	0.035	0.362	0.035	0.384	0.035	0.371	Spectrum Read#5
E	0.377	0.035	0.375	0.035	0.385	0.035	0.376	0.035	0.376	0.035	0.380	0.035	Spectrum Read#5
F	0.035	0.372	0.035	0.365	0.035	0.374	0.035	0.381	0.035	0.378	0.035	0.374	Spectrum Read#5
G	0.382	0.036	0.378	0.035	0.377	0.035	0.380	0.035	0.263	0.035	0.379	0.035	Spectrum Read#5
H	0.036	0.374	0.035	0.384	0.035	0.375	0.035	0.372	0.034	0.383	0.036	0.377	Spectrum Read#5

Spectrum
Wavelength 6 (560 nm)
	1	2	3	4	5	6	7	8	9	10	11	12
A	0.261	0.036	0.269	0.034	0.275	0.037	0.277	0.040	0.266	0.035	0.275	0.034	Spectrum Read#6
B	0.035	0.270	0.035	0.264	0.035	0.276	0.034	0.276	0.035	0.268	0.034	0.268	Spectrum Read#6
C	0.263	0.035	0.271	0.035	0.273	0.035	0.272	0.035	0.274	0.035	0.326	0.035	Spectrum Read#6
D	0.035	0.330	0.034	0.323	0.036	0.330	0.035	0.324	0.035	0.338	0.034	0.325	Spectrum Read#6
E	0.330	0.035	0.327	0.035	0.340	0.035	0.330	0.035	0.329	0.035	0.332	0.035	Spectrum Read#6
F	0.035	0.325	0.035	0.321	0.035	0.326	0.034	0.334	0.035	0.330	0.035	0.326	Spectrum Read#6
G	0.336	0.036	0.330	0.035	0.329	0.035	0.335	0.035	0.272	0.035	0.330	0.035	Spectrum Read#6
H	0.036	0.327	0.035	0.337	0.035	0.328	0.035	0.325	0.034	0.334	0.035	0.329	Spectrum Read#6

Spectrum
Wavelength 7 (590 nm)
	1	2	3	4	5	6	7	8	9	10	11	12
A	0.264	0.036	0.259	0.034	0.246	0.037	0.243	0.039	0.258	0.035	0.259	0.034	Spectrum Read#7
B	0.035	0.258	0.035	0.236	0.035	0.244	0.034	0.253	0.035	0.255	0.034	0.256	Spectrum Read#7
C	0.267	0.035	0.258	0.034	0.258	0.035	0.261	0.035	0.257	0.035	0.168	0.034	Spectrum Read#7
D	0.034	0.166	0.034	0.161	0.035	0.166	0.034	0.179	0.034	0.179	0.034	0.165	Spectrum Read#7
E	0.166	0.035	0.163	0.035	0.182	0.035	0.167	0.034	0.164	0.035	0.166	0.034	Spectrum Read#7
F	0.035	0.165	0.035	0.166	0.035	0.163	0.034	0.170	0.034	0.165	0.034	0.162	Spectrum Read#7
G	0.173	0.035	0.165	0.035	0.164	0.034	0.177	0.034	0.266	0.035	0.165	0.035	Spectrum Read#7
H	0.036	0.165	0.035	0.176	0.035	0.166	0.035	0.163	0.034	0.167	0.035	0.164	Spectrum Read#7

Spectrum
Wavelength 8 (620 nm)
	1	2	3	4	5	6	7	8	9	10	11	12
A	0.242	0.035	0.229	0.034	0.209	0.037	0.203	0.040	0.230	0.035	0.228	0.034	Spectrum Read#8
B	0.035	0.229	0.034	0.200	0.034	0.206	0.034	0.218	0.035	0.226	0.034	0.227	Spectrum Read#8
C	0.244	0.035	0.229	0.035	0.226	0.034	0.231	0.035	0.226	0.034	0.071	0.034	Spectrum Read#8
D	0.034	0.067	0.034	0.063	0.035	0.067	0.034	0.090	0.035	0.081	0.034	0.067	Spectrum Read#8
E	0.068	0.035	0.063	0.034	0.086	0.035	0.068	0.034	0.064	0.034	0.067	0.034	Spectrum Read#8
F	0.034	0.067	0.034	0.073	0.035	0.064	0.034	0.072	0.034	0.065	0.034	0.063	Spectrum Read#8
G	0.073	0.035	0.064	0.035	0.064	0.034	0.081	0.035	0.238	0.034	0.065	0.034	Spectrum Read#8
H	0.036	0.066	0.035	0.078	0.035	0.067	0.034	0.065	0.034	0.066	0.035	0.064	Spectrum Read#8

Spectrum
Wavelength 9 (650 nm)
	1	2	3	4	5	6	7	8	9	10	11	12
A	0.353	0.035	0.329	0.033	0.293	0.036	0.282	0.039	0.331	0.034	0.323	0.033	Spectrum Read#9
B	0.034	0.327	0.034	0.280	0.034	0.287	0.033	0.308	0.034	0.323	0.033	0.325	Spectrum Read#9
C	0.357	0.034	0.326	0.034	0.323	0.034	0.330	0.034	0.321	0.034	0.055	0.034	Spectrum Read#9
D	0.034	0.049	0.033	0.045	0.035	0.050	0.034	0.080	0.034	0.066	0.033	0.050	Spectrum Read#9
E	0.050	0.034	0.046	0.034	0.072	0.034	0.051	0.033	0.046	0.034	0.049	0.033	Spectrum Read#9
F	0.034	0.050	0.034	0.057	0.034	0.046	0.033	0.054	0.034	0.047	0.033	0.045	Spectrum Read#9
G	0.057	0.034	0.046	0.033	0.046	0.034	0.066	0.034	0.344	0.034	0.047	0.034	Spectrum Read#9
H	0.035	0.048	0.034	0.061	0.034	0.049	0.034	0.047	0.033	0.047	0.035	0.046	Spectrum Read#9

Spectrum
Wavelength 10 (680 nm)
	1	2	3	4	5	6	7	8	9	10	11	12
A	0.118	0.034	0.114	0.033	0.106	0.035	0.103	0.038	0.114	0.034	0.115	0.033	Spectrum Read#10
B	0.034	0.114	0.033	0.102	0.033	0.105	0.033	0.109	0.034	0.112	0.033	0.113	Spectrum Read#10
C	0.120	0.034	0.116	0.033	0.113	0.033	0.116	0.034	0.114	0.034	0.046	0.033	Spectrum Read#10
D	0.033	0.043	0.033	0.040	0.034	0.042	0.033	0.051	0.033	0.053	0.033	0.043	Spectrum Read#10
E	0.042	0.033	0.040	0.033	0.056	0.034	0.043	0.033	0.040	0.034	0.042	0.033	Spectrum Read#10
F	0.033	0.043	0.033	0.046	0.034	0.041	0.033	0.045	0.033	0.041	0.033	0.040	Spectrum Read#10
G	0.046	0.034	0.041	0.034	0.040	0.033	0.053	0.033	0.118	0.033	0.041	0.033	Spectrum Read#10
H	0.036	0.041	0.034	0.051	0.034	0.042	0.034	0.041	0.033	0.041	0.035	0.041	Spectrum Read#10

