Spectrum
Wavelength 1 (410 nm)
	1	2	3	4	5	6	7	8	9	10	11	12
A	0.209	0.038	0.209	0.039	0.211	0.040	0.211	0.039	0.203	0.038	0.207	0.039	Spectrum Read#1
B	0.039	0.210	0.040	0.209	0.039	0.204	0.039	0.204	0.039	0.208	0.039	0.210	Spectrum Read#1
C	0.214	0.040	0.210	0.039	0.202	0.039	0.201	0.039	0.207	0.039	0.207	0.039	Spectrum Read#1
D	0.040	0.207	0.039	0.209	0.039	0.206	0.039	0.210	0.039	0.209	0.039	0.211	Spectrum Read#1
E	0.203	0.040	0.211	0.040	0.212	0.039	0.208	0.039	0.213	0.039	0.208	0.040	Spectrum Read#1
F	0.039	0.211	0.040	0.206	0.039	0.206	0.040	0.211	0.040	0.211	0.039	0.209	Spectrum Read#1
G	0.211	0.039	0.211	0.039	0.206	0.040	0.209	0.039	0.211	0.039	0.206	0.039	Spectrum Read#1
H	0.039	0.212	0.040	0.211	0.039	0.207	0.040	0.211	0.039	0.210	0.043	0.212	Spectrum Read#1

Spectrum
Wavelength 2 (440 nm)
	1	2	3	4	5	6	7	8	9	10	11	12
A	0.196	0.036	0.197	0.037	0.198	0.038	0.198	0.036	0.191	0.036	0.193	0.036	Spectrum Read#2
B	0.037	0.196	0.038	0.196	0.037	0.191	0.036	0.192	0.037	0.195	0.036	0.196	Spectrum Read#2
C	0.200	0.038	0.197	0.037	0.189	0.036	0.189	0.037	0.195	0.038	0.195	0.037	Spectrum Read#2
D	0.038	0.195	0.038	0.197	0.036	0.193	0.036	0.197	0.036	0.197	0.038	0.199	Spectrum Read#2
E	0.190	0.037	0.199	0.036	0.199	0.037	0.196	0.037	0.201	0.037	0.197	0.038	Spectrum Read#2
F	0.037	0.198	0.038	0.193	0.037	0.193	0.036	0.198	0.038	0.198	0.037	0.196	Spectrum Read#2
G	0.197	0.036	0.198	0.037	0.196	0.037	0.196	0.038	0.197	0.036	0.194	0.036	Spectrum Read#2
H	0.037	0.198	0.038	0.199	0.037	0.194	0.037	0.198	0.037	0.197	0.040	0.198	Spectrum Read#2

Spectrum
Wavelength 3 (470 nm)
	1	2	3	4	5	6	7	8	9	10	11	12
A	0.192	0.035	0.195	0.037	0.196	0.037	0.194	0.036	0.186	0.036	0.189	0.035	Spectrum Read#3
B	0.036	0.192	0.038	0.193	0.036	0.189	0.035	0.191	0.037	0.192	0.036	0.191	Spectrum Read#3
C	0.196	0.036	0.193	0.036	0.186	0.035	0.190	0.036	0.194	0.037	0.191	0.037	Spectrum Read#3
D	0.037	0.193	0.038	0.196	0.036	0.192	0.035	0.195	0.036	0.198	0.037	0.196	Spectrum Read#3
E	0.185	0.035	0.199	0.036	0.196	0.035	0.198	0.037	0.196	0.038	0.196	0.038	Spectrum Read#3
F	0.037	0.197	0.038	0.190	0.038	0.193	0.036	0.197	0.036	0.197	0.036	0.193	Spectrum Read#3
G	0.194	0.036	0.194	0.037	0.203	0.037	0.194	0.037	0.195	0.036	0.200	0.035	Spectrum Read#3
H	0.036	0.192	0.037	0.199	0.036	0.188	0.037	0.193	0.036	0.192	0.040	0.193	Spectrum Read#3

Spectrum
Wavelength 4 (500 nm)
	1	2	3	4	5	6	7	8	9	10	11	12
A	0.215	0.036	0.221	0.037	0.222	0.036	0.219	0.036	0.206	0.036	0.210	0.036	Spectrum Read#4
B	0.036	0.213	0.038	0.216	0.036	0.215	0.035	0.218	0.036	0.216	0.037	0.213	Spectrum Read#4
C	0.218	0.035	0.218	0.035	0.208	0.035	0.219	0.035	0.222	0.035	0.215	0.037	Spectrum Read#4
D	0.037	0.219	0.037	0.223	0.036	0.218	0.035	0.222	0.037	0.227	0.036	0.220	Spectrum Read#4
E	0.207	0.036	0.225	0.037	0.218	0.035	0.229	0.035	0.220	0.037	0.225	0.037	Spectrum Read#4
F	0.037	0.225	0.036	0.218	0.036	0.222	0.035	0.222	0.038	0.223	0.036	0.215	Spectrum Read#4
G	0.218	0.035	0.219	0.036	0.243	0.036	0.219	0.036	0.218	0.036	0.239	0.035	Spectrum Read#4
H	0.036	0.213	0.036	0.226	0.036	0.207	0.036	0.214	0.037	0.213	0.039	0.214	Spectrum Read#4

Spectrum
Wavelength 5 (530 nm)
	1	2	3	4	5	6	7	8	9	10	11	12
A	0.245	0.036	0.253	0.037	0.254	0.036	0.249	0.036	0.234	0.036	0.239	0.036	Spectrum Read#5
B	0.037	0.242	0.037	0.245	0.035	0.246	0.035	0.250	0.037	0.245	0.037	0.241	Spectrum Read#5
C	0.248	0.036	0.249	0.036	0.237	0.035	0.252	0.035	0.255	0.036	0.246	0.038	Spectrum Read#5
D	0.036	0.251	0.035	0.254	0.036	0.250	0.035	0.255	0.037	0.260	0.035	0.250	Spectrum Read#5
E	0.235	0.037	0.258	0.038	0.248	0.035	0.265	0.035	0.252	0.036	0.259	0.036	Spectrum Read#5
F	0.037	0.257	0.036	0.249	0.035	0.255	0.035	0.252	0.039	0.254	0.036	0.245	Spectrum Read#5
G	0.248	0.035	0.249	0.035	0.285	0.035	0.250	0.036	0.247	0.036	0.280	0.035	Spectrum Read#5
H	0.036	0.241	0.036	0.259	0.037	0.234	0.035	0.243	0.037	0.241	0.039	0.242	Spectrum Read#5

Spectrum
Wavelength 6 (560 nm)
	1	2	3	4	5	6	7	8	9	10	11	12
A	0.252	0.037	0.258	0.037	0.258	0.036	0.255	0.036	0.243	0.037	0.248	0.036	Spectrum Read#6
B	0.037	0.251	0.036	0.252	0.036	0.250	0.035	0.253	0.037	0.252	0.038	0.250	Spectrum Read#6
C	0.255	0.037	0.256	0.037	0.244	0.035	0.253	0.036	0.259	0.037	0.252	0.038	Spectrum Read#6
D	0.036	0.256	0.036	0.257	0.036	0.254	0.036	0.259	0.037	0.261	0.036	0.256	Spectrum Read#6
E	0.242	0.038	0.261	0.037	0.256	0.036	0.265	0.037	0.259	0.036	0.261	0.036	Spectrum Read#6
F	0.038	0.260	0.036	0.253	0.036	0.257	0.036	0.258	0.039	0.258	0.037	0.253	Spectrum Read#6
G	0.255	0.036	0.255	0.036	0.277	0.036	0.256	0.037	0.254	0.036	0.274	0.036	Spectrum Read#6
H	0.037	0.251	0.036	0.261	0.038	0.245	0.036	0.252	0.037	0.249	0.039	0.251	Spectrum Read#6

Spectrum
Wavelength 7 (590 nm)
	1	2	3	4	5	6	7	8	9	10	11	12
A	0.246	0.037	0.244	0.037	0.243	0.036	0.244	0.036	0.241	0.037	0.245	0.036	Spectrum Read#7
B	0.037	0.250	0.036	0.245	0.035	0.234	0.035	0.234	0.036	0.244	0.038	0.248	Spectrum Read#7
C	0.249	0.037	0.247	0.037	0.236	0.035	0.227	0.036	0.237	0.037	0.242	0.037	Spectrum Read#7
D	0.035	0.238	0.036	0.240	0.035	0.236	0.036	0.241	0.035	0.236	0.036	0.246	Spectrum Read#7
E	0.237	0.038	0.240	0.035	0.248	0.035	0.233	0.037	0.249	0.035	0.237	0.036	Spectrum Read#7
F	0.038	0.241	0.037	0.238	0.037	0.232	0.036	0.245	0.037	0.242	0.037	0.247	Spectrum Read#7
G	0.245	0.035	0.246	0.037	0.222	0.036	0.241	0.038	0.246	0.035	0.224	0.035	Spectrum Read#7
H	0.037	0.251	0.035	0.238	0.038	0.246	0.037	0.250	0.037	0.247	0.039	0.250	Spectrum Read#7

Spectrum
Wavelength 8 (620 nm)
	1	2	3	4	5	6	7	8	9	10	11	12
A	0.221	0.037	0.216	0.037	0.214	0.036	0.218	0.036	0.220	0.037	0.223	0.036	Spectrum Read#8
B	0.037	0.227	0.035	0.219	0.035	0.205	0.035	0.204	0.036	0.218	0.037	0.226	Spectrum Read#8
C	0.225	0.038	0.221	0.037	0.212	0.035	0.194	0.036	0.207	0.038	0.215	0.037	Spectrum Read#8
D	0.035	0.209	0.037	0.212	0.035	0.206	0.035	0.211	0.035	0.204	0.037	0.221	Spectrum Read#8
E	0.214	0.037	0.210	0.035	0.223	0.035	0.197	0.037	0.222	0.036	0.205	0.035	Spectrum Read#8
F	0.038	0.211	0.037	0.209	0.037	0.199	0.035	0.218	0.036	0.214	0.036	0.223	Spectrum Read#8
G	0.220	0.035	0.219	0.036	0.174	0.036	0.214	0.037	0.221	0.035	0.179	0.035	Spectrum Read#8
H	0.036	0.230	0.035	0.206	0.038	0.225	0.036	0.227	0.036	0.225	0.038	0.228	Spectrum Read#8

Spectrum
Wavelength 9 (650 nm)
	1	2	3	4	5	6	7	8	9	10	11	12
A	0.313	0.036	0.302	0.036	0.300	0.035	0.307	0.035	0.313	0.036	0.317	0.035	Spectrum Read#9
B	0.035	0.324	0.034	0.311	0.034	0.287	0.034	0.284	0.034	0.308	0.036	0.319	Spectrum Read#9
C	0.318	0.037	0.311	0.037	0.300	0.034	0.268	0.035	0.287	0.037	0.303	0.035	Spectrum Read#9
D	0.034	0.292	0.036	0.296	0.034	0.287	0.034	0.295	0.034	0.282	0.037	0.310	Spectrum Read#9
E	0.302	0.036	0.291	0.034	0.314	0.034	0.269	0.035	0.311	0.036	0.281	0.034	Spectrum Read#9
F	0.037	0.293	0.037	0.293	0.036	0.274	0.034	0.304	0.035	0.299	0.035	0.315	Spectrum Read#9
G	0.309	0.034	0.310	0.035	0.223	0.035	0.298	0.035	0.311	0.034	0.234	0.034	Spectrum Read#9
H	0.036	0.329	0.034	0.284	0.036	0.321	0.035	0.323	0.035	0.320	0.037	0.323	Spectrum Read#9

Spectrum
Wavelength 10 (680 nm)
	1	2	3	4	5	6	7	8	9	10	11	12
A	0.111	0.036	0.110	0.036	0.109	0.034	0.110	0.035	0.111	0.036	0.112	0.035	Spectrum Read#10
B	0.035	0.112	0.034	0.110	0.033	0.104	0.034	0.103	0.034	0.109	0.035	0.114	Spectrum Read#10
C	0.112	0.036	0.112	0.036	0.107	0.033	0.100	0.035	0.106	0.037	0.110	0.035	Spectrum Read#10
D	0.033	0.107	0.037	0.109	0.034	0.104	0.034	0.107	0.035	0.106	0.037	0.111	Spectrum Read#10
E	0.108	0.036	0.108	0.035	0.111	0.034	0.101	0.034	0.111	0.036	0.105	0.034	Spectrum Read#10
F	0.037	0.107	0.037	0.105	0.034	0.101	0.034	0.110	0.035	0.110	0.034	0.113	Spectrum Read#10
G	0.111	0.033	0.111	0.034	0.090	0.034	0.107	0.034	0.111	0.034	0.094	0.034	Spectrum Read#10
H	0.036	0.113	0.033	0.104	0.036	0.111	0.035	0.115	0.035	0.112	0.036	0.114	Spectrum Read#10

