Spectrum
Wavelength 1 (410 nm)
	1	2	3	4	5	6	7	8	9	10	11	12
A	0.209	0.038	0.210	0.039	0.198	0.039	0.209	0.039	0.210	0.039	0.205	0.038	Spectrum Read#1
B	0.039	0.208	0.039	0.205	0.039	0.212	0.038	0.199	0.039	0.216	0.039	0.204	Spectrum Read#1
C	0.207	0.040	0.211	0.039	0.213	0.039	0.208	0.039	0.212	0.039	0.211	0.039	Spectrum Read#1
D	0.039	0.210	0.039	0.209	0.039	0.212	0.039	0.210	0.039	0.213	0.039	0.210	Spectrum Read#1
E	0.209	0.038	0.204	0.039	0.212	0.039	0.213	0.039	0.209	0.039	0.212	0.039	Spectrum Read#1
F	0.039	0.208	0.039	0.212	0.039	0.208	0.039	0.205	0.039	0.203	0.040	0.209	Spectrum Read#1
G	0.209	0.038	0.210	0.039	0.210	0.039	0.213	0.039	0.211	0.040	0.209	0.039	Spectrum Read#1
H	0.039	0.203	0.039	0.213	0.038	0.207	0.039	0.210	0.039	0.210	0.039	0.200	Spectrum Read#1

Spectrum
Wavelength 2 (440 nm)
	1	2	3	4	5	6	7	8	9	10	11	12
A	0.197	0.036	0.197	0.037	0.196	0.036	0.197	0.036	0.197	0.037	0.193	0.036	Spectrum Read#2
B	0.037	0.195	0.038	0.193	0.037	0.199	0.036	0.187	0.037	0.202	0.037	0.192	Spectrum Read#2
C	0.195	0.037	0.198	0.037	0.201	0.037	0.195	0.036	0.198	0.037	0.199	0.037	Spectrum Read#2
D	0.036	0.197	0.038	0.197	0.037	0.199	0.036	0.196	0.037	0.200	0.038	0.198	Spectrum Read#2
E	0.197	0.036	0.191	0.036	0.201	0.037	0.200	0.037	0.196	0.037	0.201	0.037	Spectrum Read#2
F	0.037	0.196	0.037	0.199	0.037	0.195	0.037	0.202	0.038	0.199	0.037	0.196	Spectrum Read#2
G	0.196	0.036	0.197	0.036	0.197	0.038	0.199	0.038	0.199	0.037	0.196	0.037	Spectrum Read#2
H	0.037	0.199	0.037	0.200	0.036	0.194	0.037	0.198	0.037	0.198	0.037	0.196	Spectrum Read#2

Spectrum
Wavelength 3 (470 nm)
	1	2	3	4	5	6	7	8	9	10	11	12
A	0.193	0.035	0.193	0.037	0.227	0.035	0.195	0.035	0.190	0.036	0.193	0.035	Spectrum Read#3
B	0.037	0.192	0.038	0.191	0.037	0.195	0.035	0.183	0.036	0.194	0.036	0.191	Spectrum Read#3
C	0.194	0.035	0.192	0.036	0.195	0.036	0.190	0.035	0.195	0.036	0.196	0.036	Spectrum Read#3
D	0.035	0.195	0.036	0.198	0.036	0.194	0.035	0.191	0.036	0.194	0.038	0.195	Spectrum Read#3
E	0.197	0.035	0.186	0.036	0.196	0.035	0.199	0.035	0.193	0.038	0.197	0.037	Spectrum Read#3
F	0.036	0.196	0.035	0.195	0.037	0.197	0.035	0.231	0.036	0.231	0.036	0.191	Spectrum Read#3
G	0.192	0.035	0.193	0.035	0.192	0.037	0.191	0.037	0.196	0.036	0.192	0.036	Spectrum Read#3
H	0.036	0.229	0.035	0.191	0.035	0.188	0.037	0.197	0.035	0.195	0.036	0.224	Spectrum Read#3

Spectrum
Wavelength 4 (500 nm)
	1	2	3	4	5	6	7	8	9	10	11	12
A	0.214	0.034	0.213	0.037	0.292	0.035	0.219	0.035	0.208	0.036	0.219	0.035	Spectrum Read#4
B	0.037	0.216	0.037	0.214	0.036	0.218	0.035	0.204	0.035	0.210	0.036	0.219	Spectrum Read#4
C	0.219	0.035	0.213	0.035	0.214	0.036	0.211	0.035	0.218	0.036	0.221	0.036	Spectrum Read#4
D	0.034	0.220	0.035	0.225	0.037	0.213	0.035	0.209	0.035	0.212	0.036	0.217	Spectrum Read#4
E	0.226	0.036	0.205	0.036	0.216	0.036	0.226	0.035	0.215	0.037	0.219	0.037	Spectrum Read#4
F	0.035	0.223	0.035	0.217	0.035	0.227	0.035	0.296	0.035	0.298	0.036	0.210	Spectrum Read#4
G	0.214	0.035	0.215	0.035	0.212	0.035	0.208	0.036	0.217	0.037	0.215	0.036	Spectrum Read#4
H	0.036	0.295	0.034	0.204	0.036	0.205	0.036	0.222	0.035	0.219	0.035	0.288	Spectrum Read#4

Spectrum
Wavelength 5 (530 nm)
	1	2	3	4	5	6	7	8	9	10	11	12
A	0.244	0.034	0.242	0.037	0.348	0.034	0.251	0.034	0.235	0.035	0.252	0.034	Spectrum Read#5
B	0.036	0.246	0.036	0.244	0.036	0.250	0.035	0.233	0.034	0.235	0.036	0.252	Spectrum Read#5
C	0.251	0.035	0.243	0.035	0.243	0.035	0.240	0.035	0.249	0.036	0.253	0.036	Spectrum Read#5
D	0.034	0.253	0.035	0.258	0.037	0.242	0.035	0.236	0.035	0.240	0.035	0.248	Spectrum Read#5
E	0.261	0.036	0.233	0.036	0.246	0.035	0.258	0.035	0.245	0.036	0.250	0.037	Spectrum Read#5
F	0.035	0.256	0.035	0.246	0.035	0.262	0.035	0.351	0.036	0.354	0.036	0.239	Spectrum Read#5
G	0.244	0.034	0.246	0.035	0.241	0.035	0.235	0.036	0.246	0.037	0.246	0.036	Spectrum Read#5
H	0.037	0.351	0.034	0.229	0.036	0.232	0.035	0.255	0.035	0.250	0.035	0.342	Spectrum Read#5

Spectrum
Wavelength 6 (560 nm)
	1	2	3	4	5	6	7	8	9	10	11	12
A	0.252	0.034	0.252	0.037	0.303	0.035	0.255	0.035	0.245	0.036	0.255	0.034	Spectrum Read#6
B	0.036	0.252	0.036	0.249	0.035	0.256	0.035	0.238	0.035	0.247	0.036	0.253	Spectrum Read#6
C	0.254	0.036	0.251	0.036	0.252	0.035	0.247	0.036	0.255	0.036	0.257	0.037	Spectrum Read#6
D	0.034	0.258	0.035	0.259	0.036	0.251	0.035	0.245	0.035	0.250	0.035	0.254	Spectrum Read#6
E	0.262	0.036	0.242	0.036	0.255	0.035	0.261	0.036	0.250	0.036	0.256	0.037	Spectrum Read#6
F	0.036	0.258	0.036	0.253	0.036	0.262	0.035	0.307	0.037	0.306	0.037	0.248	Spectrum Read#6
G	0.251	0.035	0.253	0.035	0.249	0.037	0.246	0.037	0.254	0.037	0.252	0.037	Spectrum Read#6
H	0.037	0.306	0.035	0.242	0.037	0.242	0.037	0.257	0.036	0.255	0.036	0.299	Spectrum Read#6

Spectrum
Wavelength 7 (590 nm)
	1	2	3	4	5	6	7	8	9	10	11	12
A	0.246	0.034	0.249	0.037	0.156	0.034	0.241	0.034	0.249	0.035	0.234	0.034	Spectrum Read#7
B	0.035	0.242	0.035	0.236	0.035	0.245	0.035	0.229	0.035	0.255	0.035	0.228	Spectrum Read#7
C	0.234	0.036	0.246	0.037	0.251	0.035	0.242	0.035	0.246	0.036	0.242	0.037	Spectrum Read#7
D	0.034	0.242	0.035	0.236	0.035	0.248	0.035	0.246	0.035	0.251	0.035	0.245	Spectrum Read#7
E	0.237	0.035	0.240	0.035	0.251	0.036	0.241	0.035	0.238	0.035	0.244	0.037	Spectrum Read#7
F	0.035	0.234	0.036	0.247	0.037	0.231	0.035	0.164	0.036	0.158	0.037	0.248	Spectrum Read#7
G	0.242	0.034	0.245	0.034	0.247	0.037	0.253	0.037	0.247	0.036	0.242	0.037	Spectrum Read#7
H	0.037	0.162	0.035	0.255	0.036	0.244	0.037	0.240	0.037	0.244	0.035	0.160	Spectrum Read#7

Spectrum
Wavelength 8 (620 nm)
	1	2	3	4	5	6	7	8	9	10	11	12
A	0.223	0.033	0.228	0.037	0.065	0.034	0.215	0.034	0.230	0.035	0.204	0.034	Spectrum Read#8
B	0.035	0.216	0.034	0.210	0.034	0.220	0.034	0.205	0.034	0.239	0.035	0.197	Spectrum Read#8
C	0.205	0.035	0.224	0.036	0.231	0.035	0.220	0.034	0.221	0.036	0.215	0.036	Spectrum Read#8
D	0.034	0.214	0.035	0.206	0.034	0.227	0.034	0.227	0.035	0.232	0.035	0.221	Spectrum Read#8
E	0.205	0.034	0.220	0.034	0.228	0.036	0.212	0.034	0.213	0.034	0.219	0.036	Spectrum Read#8
F	0.035	0.203	0.035	0.224	0.037	0.196	0.035	0.075	0.035	0.066	0.037	0.228	Spectrum Read#8
G	0.217	0.034	0.221	0.034	0.225	0.036	0.236	0.036	0.223	0.035	0.217	0.036	Spectrum Read#8
H	0.037	0.073	0.034	0.240	0.035	0.226	0.036	0.211	0.037	0.218	0.035	0.074	Spectrum Read#8

Spectrum
Wavelength 9 (650 nm)
	1	2	3	4	5	6	7	8	9	10	11	12
A	0.317	0.033	0.324	0.036	0.048	0.033	0.301	0.033	0.331	0.034	0.282	0.033	Spectrum Read#9
B	0.034	0.306	0.034	0.296	0.034	0.309	0.034	0.290	0.034	0.343	0.034	0.272	Spectrum Read#9
C	0.285	0.035	0.318	0.036	0.329	0.035	0.312	0.033	0.311	0.035	0.300	0.036	Spectrum Read#9
D	0.033	0.299	0.034	0.284	0.034	0.322	0.034	0.325	0.035	0.332	0.035	0.311	Spectrum Read#9
E	0.283	0.033	0.313	0.034	0.322	0.035	0.293	0.034	0.298	0.034	0.307	0.035	Spectrum Read#9
F	0.034	0.281	0.034	0.318	0.035	0.264	0.034	0.059	0.034	0.050	0.036	0.325	Spectrum Read#9
G	0.308	0.034	0.312	0.033	0.320	0.035	0.341	0.035	0.313	0.035	0.304	0.036	Spectrum Read#9
H	0.036	0.057	0.033	0.348	0.033	0.324	0.035	0.294	0.036	0.307	0.034	0.058	Spectrum Read#9

Spectrum
Wavelength 10 (680 nm)
	1	2	3	4	5	6	7	8	9	10	11	12
A	0.109	0.032	0.111	0.035	0.042	0.033	0.105	0.032	0.110	0.033	0.102	0.032	Spectrum Read#10
B	0.033	0.105	0.033	0.102	0.033	0.107	0.033	0.101	0.034	0.117	0.034	0.099	Spectrum Read#10
C	0.101	0.034	0.108	0.035	0.113	0.034	0.107	0.033	0.108	0.035	0.106	0.035	Spectrum Read#10
D	0.033	0.105	0.034	0.103	0.034	0.110	0.034	0.110	0.034	0.112	0.035	0.108	Spectrum Read#10
E	0.103	0.032	0.108	0.033	0.109	0.034	0.104	0.033	0.105	0.034	0.108	0.034	Spectrum Read#10
F	0.033	0.101	0.033	0.110	0.034	0.097	0.033	0.047	0.033	0.045	0.035	0.111	Spectrum Read#10
G	0.105	0.033	0.106	0.033	0.109	0.034	0.113	0.034	0.108	0.034	0.106	0.035	Spectrum Read#10
H	0.035	0.046	0.032	0.114	0.032	0.109	0.034	0.104	0.035	0.106	0.034	0.047	Spectrum Read#10

