Spectrum
Wavelength 1 (410 nm)
	1	2	3	4	5	6	7	8	9	10	11	12
A	0.218	0.038	0.216	0.038	0.217	0.038	0.219	0.038	0.220	0.038	0.218	0.038	Spectrum Read#1
B	0.038	0.249	0.038	0.216	0.038	0.222	0.038	0.225	0.038	0.220	0.041	0.214	Spectrum Read#1
C	0.225	0.039	0.219	0.038	0.226	0.039	0.235	0.039	0.221	0.038	0.223	0.038	Spectrum Read#1
D	0.038	0.222	0.038	0.221	0.038	0.233	0.038	0.224	0.038	0.224	0.038	0.222	Spectrum Read#1
E	0.216	0.038	0.227	0.038	0.229	0.038	0.232	0.038	0.232	0.038	0.228	0.038	Spectrum Read#1
F	0.039	0.222	0.038	0.222	0.038	0.234	0.040	0.248	0.038	0.224	0.039	0.221	Spectrum Read#1
G	0.227	0.038	0.239	0.038	0.225	0.039	0.227	0.038	0.226	0.039	0.227	0.038	Spectrum Read#1
H	0.038	0.229	0.038	0.225	0.037	0.219	0.039	0.221	0.037	0.218	0.039	0.225	Spectrum Read#1

Spectrum
Wavelength 2 (440 nm)
	1	2	3	4	5	6	7	8	9	10	11	12
A	0.204	0.037	0.203	0.036	0.204	0.037	0.206	0.037	0.207	0.036	0.205	0.037	Spectrum Read#2
B	0.036	0.234	0.036	0.203	0.036	0.209	0.037	0.211	0.036	0.206	0.040	0.202	Spectrum Read#2
C	0.212	0.037	0.206	0.037	0.213	0.037	0.221	0.037	0.208	0.037	0.210	0.037	Spectrum Read#2
D	0.037	0.208	0.037	0.207	0.037	0.219	0.037	0.210	0.036	0.211	0.036	0.208	Spectrum Read#2
E	0.203	0.037	0.213	0.037	0.215	0.037	0.217	0.037	0.218	0.037	0.213	0.037	Spectrum Read#2
F	0.038	0.207	0.036	0.208	0.037	0.219	0.038	0.233	0.037	0.210	0.037	0.208	Spectrum Read#2
G	0.213	0.038	0.225	0.037	0.212	0.037	0.214	0.036	0.212	0.037	0.212	0.036	Spectrum Read#2
H	0.037	0.215	0.036	0.211	0.036	0.206	0.037	0.208	0.036	0.205	0.037	0.211	Spectrum Read#2

Spectrum
Wavelength 3 (470 nm)
	1	2	3	4	5	6	7	8	9	10	11	12
A	0.199	0.036	0.200	0.035	0.199	0.036	0.202	0.037	0.200	0.035	0.200	0.036	Spectrum Read#3
B	0.035	0.229	0.036	0.203	0.036	0.205	0.036	0.205	0.036	0.202	0.040	0.200	Spectrum Read#3
C	0.206	0.036	0.202	0.036	0.208	0.036	0.217	0.036	0.204	0.036	0.206	0.036	Spectrum Read#3
D	0.036	0.205	0.036	0.207	0.036	0.214	0.036	0.208	0.036	0.207	0.035	0.200	Spectrum Read#3
E	0.198	0.036	0.208	0.035	0.207	0.036	0.213	0.036	0.213	0.036	0.208	0.036	Spectrum Read#3
F	0.037	0.203	0.036	0.204	0.036	0.213	0.037	0.228	0.036	0.202	0.036	0.203	Spectrum Read#3
G	0.207	0.036	0.220	0.036	0.208	0.035	0.208	0.036	0.206	0.035	0.208	0.036	Spectrum Read#3
H	0.036	0.204	0.036	0.207	0.035	0.203	0.035	0.202	0.035	0.199	0.035	0.203	Spectrum Read#3

Spectrum
Wavelength 4 (500 nm)
	1	2	3	4	5	6	7	8	9	10	11	12
A	0.220	0.035	0.223	0.035	0.221	0.035	0.225	0.036	0.218	0.035	0.221	0.035	Spectrum Read#4
B	0.035	0.252	0.035	0.232	0.035	0.228	0.036	0.228	0.035	0.225	0.039	0.227	Spectrum Read#4
C	0.227	0.036	0.225	0.035	0.233	0.035	0.241	0.036	0.227	0.035	0.229	0.035	Spectrum Read#4
D	0.036	0.231	0.035	0.236	0.035	0.238	0.035	0.235	0.035	0.231	0.035	0.218	Spectrum Read#4
E	0.220	0.036	0.231	0.035	0.227	0.035	0.236	0.035	0.236	0.036	0.231	0.035	Spectrum Read#4
F	0.036	0.228	0.035	0.228	0.035	0.234	0.036	0.252	0.035	0.217	0.035	0.224	Spectrum Read#4
G	0.227	0.035	0.241	0.035	0.234	0.034	0.228	0.035	0.226	0.035	0.233	0.035	Spectrum Read#4
H	0.036	0.219	0.035	0.230	0.034	0.225	0.035	0.222	0.034	0.218	0.035	0.219	Spectrum Read#4

Spectrum
Wavelength 5 (530 nm)
	1	2	3	4	5	6	7	8	9	10	11	12
A	0.251	0.035	0.255	0.035	0.252	0.035	0.257	0.036	0.248	0.035	0.251	0.035	Spectrum Read#5
B	0.035	0.285	0.035	0.269	0.035	0.260	0.035	0.259	0.035	0.257	0.039	0.262	Spectrum Read#5
C	0.259	0.035	0.257	0.035	0.265	0.035	0.274	0.036	0.259	0.035	0.261	0.035	Spectrum Read#5
D	0.035	0.265	0.035	0.273	0.035	0.271	0.035	0.270	0.035	0.264	0.035	0.246	Spectrum Read#5
E	0.251	0.035	0.263	0.035	0.257	0.035	0.269	0.035	0.268	0.035	0.263	0.035	Spectrum Read#5
F	0.036	0.261	0.035	0.261	0.035	0.265	0.036	0.284	0.035	0.245	0.034	0.255	Spectrum Read#5
G	0.258	0.034	0.272	0.035	0.268	0.035	0.257	0.035	0.257	0.035	0.265	0.035	Spectrum Read#5
H	0.035	0.245	0.035	0.262	0.034	0.257	0.036	0.252	0.034	0.247	0.036	0.247	Spectrum Read#5

Spectrum
Wavelength 6 (560 nm)
	1	2	3	4	5	6	7	8	9	10	11	12
A	0.261	0.035	0.263	0.035	0.261	0.035	0.264	0.036	0.259	0.035	0.260	0.035	Spectrum Read#6
B	0.035	0.290	0.035	0.271	0.035	0.267	0.035	0.268	0.035	0.265	0.038	0.266	Spectrum Read#6
C	0.267	0.035	0.264	0.035	0.272	0.035	0.280	0.036	0.266	0.035	0.268	0.035	Spectrum Read#6
D	0.035	0.272	0.035	0.275	0.035	0.277	0.036	0.274	0.035	0.271	0.035	0.259	Spectrum Read#6
E	0.259	0.035	0.270	0.035	0.267	0.035	0.277	0.035	0.276	0.035	0.271	0.035	Spectrum Read#6
F	0.036	0.269	0.035	0.268	0.035	0.273	0.036	0.289	0.036	0.259	0.035	0.264	Spectrum Read#6
G	0.268	0.035	0.280	0.035	0.274	0.035	0.267	0.035	0.268	0.035	0.272	0.035	Spectrum Read#6
H	0.035	0.261	0.035	0.270	0.034	0.264	0.036	0.262	0.034	0.257	0.036	0.260	Spectrum Read#6

Spectrum
Wavelength 7 (590 nm)
	1	2	3	4	5	6	7	8	9	10	11	12
A	0.260	0.035	0.254	0.034	0.256	0.035	0.256	0.036	0.264	0.034	0.258	0.035	Spectrum Read#7
B	0.034	0.277	0.034	0.246	0.035	0.259	0.035	0.265	0.035	0.258	0.038	0.247	Spectrum Read#7
C	0.264	0.035	0.257	0.035	0.261	0.035	0.269	0.036	0.259	0.035	0.262	0.035	Spectrum Read#7
D	0.035	0.258	0.035	0.251	0.035	0.267	0.036	0.258	0.035	0.262	0.035	0.267	Spectrum Read#7
E	0.256	0.035	0.264	0.035	0.269	0.034	0.268	0.035	0.267	0.034	0.267	0.035	Spectrum Read#7
F	0.036	0.262	0.035	0.259	0.035	0.268	0.036	0.275	0.035	0.273	0.035	0.260	Spectrum Read#7
G	0.269	0.035	0.274	0.035	0.260	0.035	0.268	0.035	0.269	0.036	0.265	0.034	Spectrum Read#7
H	0.035	0.279	0.035	0.264	0.034	0.257	0.036	0.264	0.034	0.259	0.036	0.271	Spectrum Read#7

Spectrum
Wavelength 8 (620 nm)
	1	2	3	4	5	6	7	8	9	10	11	12
A	0.237	0.034	0.229	0.034	0.233	0.034	0.231	0.035	0.245	0.034	0.235	0.035	Spectrum Read#8
B	0.034	0.248	0.034	0.213	0.034	0.234	0.034	0.242	0.035	0.233	0.037	0.217	Spectrum Read#8
C	0.240	0.034	0.232	0.034	0.234	0.034	0.241	0.036	0.233	0.034	0.237	0.034	Spectrum Read#8
D	0.034	0.230	0.035	0.218	0.034	0.239	0.035	0.228	0.034	0.235	0.035	0.249	Spectrum Read#8
E	0.233	0.034	0.239	0.034	0.248	0.034	0.242	0.034	0.241	0.034	0.242	0.035	Spectrum Read#8
F	0.035	0.236	0.035	0.233	0.035	0.244	0.036	0.245	0.035	0.257	0.034	0.237	Spectrum Read#8
G	0.247	0.036	0.248	0.034	0.231	0.036	0.246	0.034	0.247	0.036	0.239	0.034	Spectrum Read#8
H	0.034	0.266	0.034	0.239	0.033	0.232	0.035	0.244	0.033	0.238	0.035	0.254	Spectrum Read#8

Spectrum
Wavelength 9 (650 nm)
	1	2	3	4	5	6	7	8	9	10	11	12
A	0.342	0.034	0.326	0.034	0.334	0.034	0.328	0.035	0.354	0.034	0.337	0.034	Spectrum Read#9
B	0.034	0.344	0.034	0.297	0.034	0.332	0.034	0.346	0.034	0.333	0.037	0.305	Spectrum Read#9
C	0.343	0.034	0.331	0.034	0.332	0.034	0.338	0.035	0.332	0.034	0.337	0.034	Spectrum Read#9
D	0.034	0.327	0.035	0.304	0.034	0.337	0.035	0.321	0.034	0.335	0.035	0.362	Spectrum Read#9
E	0.334	0.034	0.339	0.034	0.355	0.034	0.342	0.034	0.341	0.034	0.347	0.034	Spectrum Read#9
F	0.035	0.338	0.035	0.331	0.034	0.345	0.036	0.338	0.034	0.376	0.035	0.338	Spectrum Read#9
G	0.354	0.036	0.350	0.034	0.327	0.035	0.354	0.034	0.356	0.036	0.340	0.034	Spectrum Read#9
H	0.034	0.389	0.034	0.341	0.033	0.332	0.034	0.349	0.033	0.344	0.034	0.366	Spectrum Read#9

Spectrum
Wavelength 10 (680 nm)
	1	2	3	4	5	6	7	8	9	10	11	12
A	0.113	0.033	0.110	0.033	0.112	0.033	0.112	0.034	0.117	0.033	0.114	0.033	Spectrum Read#10
B	0.033	0.129	0.033	0.105	0.033	0.113	0.033	0.115	0.033	0.113	0.036	0.105	Spectrum Read#10
C	0.116	0.033	0.112	0.033	0.115	0.033	0.119	0.034	0.113	0.033	0.114	0.033	Spectrum Read#10
D	0.033	0.111	0.034	0.107	0.033	0.118	0.034	0.111	0.033	0.114	0.034	0.119	Spectrum Read#10
E	0.111	0.033	0.118	0.033	0.120	0.033	0.120	0.033	0.119	0.033	0.118	0.033	Spectrum Read#10
F	0.033	0.113	0.034	0.112	0.033	0.121	0.035	0.126	0.033	0.121	0.034	0.113	Spectrum Read#10
G	0.119	0.035	0.124	0.033	0.112	0.034	0.118	0.033	0.118	0.035	0.114	0.033	Spectrum Read#10
H	0.033	0.125	0.033	0.115	0.032	0.113	0.033	0.117	0.032	0.116	0.033	0.121	Spectrum Read#10

