Spectrum
Wavelength 1 (410 nm)
	1	2	3	4	5	6	7	8	9	10	11	12
A	0.245	0.043	0.245	0.043	0.245	0.043	0.238	0.043	0.251	0.042	0.248	0.042	Spectrum Read#1
B	0.042	0.244	0.043	0.249	0.041	0.244	0.039	0.252	0.042	0.250	0.042	0.247	Spectrum Read#1
C	0.250	0.043	0.246	0.043	0.246	0.045	0.248	0.042	0.244	0.043	0.249	0.051	Spectrum Read#1
D	0.042	0.241	0.041	0.249	0.042	0.246	0.043	0.249	0.045	0.249	0.041	0.245	Spectrum Read#1
E	0.243	0.042	0.246	0.042	0.248	0.042	0.249	0.042	0.254	0.042	0.243	0.042	Spectrum Read#1
F	0.043	0.245	0.041	0.238	0.043	0.240	0.047	0.240	0.042	0.245	0.042	0.243	Spectrum Read#1
G	0.245	0.042	0.241	0.042	0.243	0.043	0.242	0.042	0.242	0.042	0.241	0.042	Spectrum Read#1
H	0.042	0.252	0.043	0.244	0.042	0.243	0.042	0.242	0.041	0.240	0.043	0.240	Spectrum Read#1

Spectrum
Wavelength 2 (440 nm)
	1	2	3	4	5	6	7	8	9	10	11	12
A	0.229	0.041	0.230	0.040	0.230	0.041	0.225	0.040	0.236	0.040	0.233	0.039	Spectrum Read#2
B	0.039	0.229	0.040	0.234	0.039	0.229	0.037	0.237	0.039	0.234	0.039	0.232	Spectrum Read#2
C	0.235	0.040	0.231	0.040	0.231	0.043	0.232	0.040	0.228	0.040	0.233	0.048	Spectrum Read#2
D	0.040	0.226	0.039	0.233	0.040	0.230	0.040	0.234	0.043	0.233	0.039	0.229	Spectrum Read#2
E	0.228	0.039	0.230	0.039	0.233	0.039	0.234	0.039	0.237	0.039	0.228	0.039	Spectrum Read#2
F	0.040	0.230	0.038	0.224	0.041	0.225	0.044	0.225	0.039	0.230	0.039	0.228	Spectrum Read#2
G	0.230	0.040	0.226	0.039	0.229	0.040	0.227	0.039	0.226	0.040	0.226	0.039	Spectrum Read#2
H	0.040	0.236	0.040	0.229	0.040	0.228	0.039	0.227	0.039	0.226	0.040	0.225	Spectrum Read#2

Spectrum
Wavelength 3 (470 nm)
	1	2	3	4	5	6	7	8	9	10	11	12
A	0.231	0.039	0.230	0.038	0.229	0.040	0.234	0.039	0.234	0.038	0.231	0.037	Spectrum Read#3
B	0.037	0.234	0.038	0.236	0.037	0.232	0.036	0.236	0.037	0.231	0.037	0.233	Spectrum Read#3
C	0.235	0.038	0.232	0.039	0.231	0.041	0.232	0.038	0.227	0.039	0.230	0.046	Spectrum Read#3
D	0.038	0.230	0.037	0.234	0.038	0.231	0.039	0.233	0.041	0.233	0.037	0.229	Spectrum Read#3
E	0.228	0.038	0.232	0.037	0.236	0.037	0.238	0.038	0.238	0.037	0.232	0.037	Spectrum Read#3
F	0.038	0.234	0.037	0.233	0.039	0.234	0.042	0.227	0.038	0.230	0.038	0.224	Spectrum Read#3
G	0.233	0.038	0.229	0.037	0.230	0.038	0.229	0.037	0.226	0.038	0.225	0.037	Spectrum Read#3
H	0.039	0.235	0.038	0.235	0.038	0.229	0.038	0.226	0.039	0.230	0.038	0.225	Spectrum Read#3

Spectrum
Wavelength 4 (500 nm)
	1	2	3	4	5	6	7	8	9	10	11	12
A	0.269	0.038	0.266	0.038	0.264	0.038	0.284	0.038	0.270	0.037	0.263	0.037	Spectrum Read#4
B	0.036	0.278	0.038	0.278	0.036	0.273	0.036	0.273	0.037	0.262	0.037	0.270	Spectrum Read#4
C	0.273	0.038	0.271	0.038	0.268	0.040	0.268	0.037	0.262	0.038	0.263	0.044	Spectrum Read#4
D	0.037	0.273	0.036	0.272	0.037	0.268	0.038	0.270	0.039	0.270	0.036	0.264	Spectrum Read#4
E	0.264	0.037	0.272	0.036	0.277	0.036	0.281	0.037	0.276	0.037	0.275	0.036	Spectrum Read#4
F	0.037	0.277	0.036	0.283	0.038	0.284	0.040	0.266	0.037	0.267	0.037	0.255	Spectrum Read#4
G	0.275	0.037	0.270	0.036	0.268	0.037	0.268	0.036	0.260	0.037	0.260	0.036	Spectrum Read#4
H	0.038	0.271	0.038	0.283	0.038	0.268	0.037	0.260	0.038	0.271	0.037	0.259	Spectrum Read#4

Spectrum
Wavelength 5 (530 nm)
	1	2	3	4	5	6	7	8	9	10	11	12
A	0.312	0.037	0.306	0.037	0.304	0.038	0.333	0.037	0.311	0.037	0.302	0.036	Spectrum Read#5
B	0.036	0.323	0.037	0.322	0.036	0.317	0.036	0.314	0.036	0.300	0.036	0.311	Spectrum Read#5
C	0.316	0.037	0.314	0.037	0.309	0.039	0.309	0.036	0.302	0.037	0.302	0.043	Spectrum Read#5
D	0.037	0.318	0.036	0.316	0.036	0.310	0.037	0.311	0.039	0.311	0.036	0.304	Spectrum Read#5
E	0.304	0.036	0.315	0.036	0.322	0.036	0.326	0.036	0.319	0.036	0.321	0.036	Spectrum Read#5
F	0.037	0.322	0.036	0.333	0.037	0.332	0.040	0.308	0.036	0.309	0.036	0.292	Spectrum Read#5
G	0.320	0.036	0.313	0.036	0.310	0.036	0.310	0.036	0.300	0.036	0.300	0.036	Spectrum Read#5
H	0.038	0.311	0.037	0.330	0.037	0.310	0.036	0.300	0.038	0.314	0.037	0.298	Spectrum Read#5

Spectrum
Wavelength 6 (560 nm)
	1	2	3	4	5	6	7	8	9	10	11	12
A	0.311	0.037	0.307	0.037	0.306	0.037	0.321	0.037	0.312	0.037	0.305	0.036	Spectrum Read#6
B	0.036	0.319	0.037	0.318	0.036	0.315	0.036	0.314	0.036	0.304	0.036	0.310	Spectrum Read#6
C	0.314	0.037	0.312	0.037	0.309	0.038	0.309	0.036	0.304	0.037	0.306	0.043	Spectrum Read#6
D	0.036	0.314	0.035	0.315	0.036	0.310	0.037	0.311	0.038	0.311	0.035	0.305	Spectrum Read#6
E	0.304	0.036	0.314	0.036	0.319	0.035	0.321	0.036	0.317	0.036	0.316	0.036	Spectrum Read#6
F	0.036	0.318	0.035	0.321	0.037	0.320	0.039	0.306	0.036	0.309	0.036	0.296	Spectrum Read#6
G	0.316	0.036	0.311	0.036	0.309	0.036	0.309	0.036	0.303	0.036	0.302	0.036	Spectrum Read#6
H	0.038	0.313	0.037	0.322	0.037	0.309	0.036	0.301	0.038	0.310	0.037	0.300	Spectrum Read#6

Spectrum
Wavelength 7 (590 nm)
	1	2	3	4	5	6	7	8	9	10	11	12
A	0.275	0.037	0.279	0.037	0.281	0.037	0.252	0.036	0.284	0.037	0.283	0.036	Spectrum Read#7
B	0.035	0.270	0.037	0.275	0.035	0.272	0.036	0.283	0.036	0.288	0.036	0.276	Spectrum Read#7
C	0.279	0.036	0.276	0.037	0.278	0.038	0.279	0.036	0.278	0.037	0.286	0.042	Spectrum Read#7
D	0.036	0.267	0.035	0.280	0.036	0.278	0.037	0.281	0.038	0.279	0.035	0.277	Spectrum Read#7
E	0.275	0.036	0.275	0.036	0.275	0.035	0.273	0.036	0.282	0.036	0.268	0.035	Spectrum Read#7
F	0.036	0.270	0.035	0.253	0.037	0.253	0.039	0.268	0.036	0.277	0.036	0.280	Spectrum Read#7
G	0.271	0.036	0.271	0.036	0.274	0.036	0.271	0.036	0.277	0.036	0.276	0.036	Spectrum Read#7
H	0.038	0.286	0.037	0.265	0.037	0.273	0.036	0.276	0.038	0.266	0.036	0.274	Spectrum Read#7

Spectrum
Wavelength 8 (620 nm)
	1	2	3	4	5	6	7	8	9	10	11	12
A	0.233	0.036	0.240	0.036	0.244	0.037	0.196	0.036	0.246	0.036	0.248	0.036	Spectrum Read#8
B	0.035	0.222	0.036	0.230	0.035	0.228	0.035	0.244	0.036	0.255	0.035	0.235	Spectrum Read#8
C	0.237	0.036	0.233	0.037	0.237	0.038	0.239	0.036	0.241	0.037	0.251	0.041	Spectrum Read#8
D	0.036	0.220	0.035	0.237	0.036	0.237	0.037	0.241	0.038	0.239	0.035	0.240	Spectrum Read#8
E	0.236	0.036	0.231	0.035	0.229	0.035	0.225	0.035	0.240	0.036	0.221	0.035	Spectrum Read#8
F	0.036	0.223	0.035	0.197	0.036	0.198	0.038	0.225	0.035	0.237	0.036	0.248	Spectrum Read#8
G	0.224	0.036	0.226	0.035	0.232	0.036	0.228	0.035	0.240	0.036	0.239	0.036	Spectrum Read#8
H	0.038	0.249	0.037	0.214	0.037	0.232	0.036	0.239	0.038	0.220	0.037	0.237	Spectrum Read#8

Spectrum
Wavelength 9 (650 nm)
	1	2	3	4	5	6	7	8	9	10	11	12
A	0.318	0.036	0.330	0.036	0.336	0.036	0.251	0.036	0.337	0.036	0.342	0.035	Spectrum Read#9
B	0.035	0.298	0.036	0.309	0.034	0.308	0.035	0.333	0.035	0.355	0.035	0.319	Spectrum Read#9
C	0.321	0.035	0.317	0.036	0.325	0.037	0.328	0.035	0.333	0.036	0.349	0.040	Spectrum Read#9
D	0.035	0.296	0.034	0.325	0.035	0.324	0.036	0.330	0.037	0.327	0.034	0.329	Spectrum Read#9
E	0.324	0.035	0.315	0.035	0.309	0.034	0.300	0.035	0.326	0.035	0.296	0.034	Spectrum Read#9
F	0.035	0.298	0.034	0.254	0.035	0.256	0.038	0.305	0.035	0.324	0.035	0.345	Spectrum Read#9
G	0.301	0.036	0.307	0.035	0.317	0.035	0.310	0.035	0.332	0.035	0.330	0.035	Spectrum Read#9
H	0.037	0.342	0.036	0.282	0.036	0.316	0.035	0.328	0.037	0.294	0.035	0.325	Spectrum Read#9

Spectrum
Wavelength 10 (680 nm)
	1	2	3	4	5	6	7	8	9	10	11	12
A	0.114	0.035	0.118	0.036	0.120	0.036	0.098	0.035	0.121	0.035	0.122	0.035	Spectrum Read#10
B	0.035	0.110	0.035	0.114	0.034	0.113	0.034	0.121	0.035	0.124	0.035	0.117	Spectrum Read#10
C	0.117	0.035	0.116	0.036	0.118	0.037	0.119	0.035	0.118	0.036	0.123	0.039	Spectrum Read#10
D	0.035	0.109	0.034	0.118	0.035	0.118	0.036	0.119	0.036	0.119	0.034	0.118	Spectrum Read#10
E	0.116	0.035	0.115	0.035	0.114	0.034	0.114	0.034	0.120	0.035	0.110	0.034	Spectrum Read#10
F	0.035	0.111	0.034	0.100	0.035	0.100	0.037	0.112	0.035	0.118	0.035	0.121	Spectrum Read#10
G	0.112	0.035	0.112	0.034	0.115	0.035	0.114	0.035	0.119	0.035	0.119	0.034	Spectrum Read#10
H	0.037	0.123	0.035	0.107	0.036	0.114	0.035	0.118	0.037	0.111	0.035	0.118	Spectrum Read#10

