Spectrum
Wavelength 1 (410 nm)
	1	2	3	4	5	6	7	8	9	10	11	12
A	0.206	0.039	0.205	0.039	0.206	0.040	0.210	0.040	0.208	0.040	0.207	0.041	Spectrum Read#1
B	0.040	0.210	0.041	0.208	0.040	0.206	0.040	0.205	0.040	0.207	0.039	0.208	Spectrum Read#1
C	0.204	0.041	0.207	0.040	0.208	0.040	0.210	0.040	0.206	0.040	0.209	0.040	Spectrum Read#1
D	0.058	0.207	0.040	0.207	0.042	0.207	0.040	0.209	0.040	0.211	0.041	0.204	Spectrum Read#1
E	0.207	0.041	0.200	0.041	0.205	0.040	0.205	0.040	0.209	0.040	0.207	0.041	Spectrum Read#1
F	0.040	0.205	0.040	0.208	0.049	0.206	0.040	0.202	0.041	0.208	0.040	0.206	Spectrum Read#1
G	0.204	0.040	0.207	0.040	0.203	0.040	0.207	0.040	0.205	0.040	0.205	0.040	Spectrum Read#1
H	0.047	0.203	0.042	0.204	0.040	0.202	0.041	0.205	0.040	0.204	0.040	0.206	Spectrum Read#1

Spectrum
Wavelength 2 (440 nm)
	1	2	3	4	5	6	7	8	9	10	11	12
A	0.193	0.037	0.193	0.037	0.193	0.037	0.196	0.038	0.195	0.039	0.194	0.039	Spectrum Read#2
B	0.038	0.196	0.039	0.195	0.038	0.193	0.037	0.193	0.038	0.195	0.037	0.194	Spectrum Read#2
C	0.192	0.039	0.194	0.038	0.194	0.038	0.197	0.038	0.193	0.038	0.195	0.038	Spectrum Read#2
D	0.057	0.195	0.040	0.193	0.039	0.193	0.038	0.195	0.038	0.199	0.039	0.191	Spectrum Read#2
E	0.194	0.038	0.187	0.038	0.192	0.038	0.191	0.038	0.194	0.039	0.193	0.039	Spectrum Read#2
F	0.038	0.191	0.039	0.193	0.047	0.192	0.038	0.197	0.038	0.195	0.037	0.193	Spectrum Read#2
G	0.190	0.038	0.193	0.038	0.192	0.038	0.194	0.039	0.191	0.037	0.191	0.037	Spectrum Read#2
H	0.045	0.190	0.040	0.190	0.037	0.189	0.039	0.192	0.039	0.191	0.038	0.192	Spectrum Read#2

Spectrum
Wavelength 3 (470 nm)
	1	2	3	4	5	6	7	8	9	10	11	12
A	0.191	0.037	0.194	0.037	0.191	0.036	0.191	0.037	0.193	0.038	0.190	0.039	Spectrum Read#3
B	0.038	0.190	0.039	0.196	0.037	0.191	0.036	0.194	0.038	0.191	0.038	0.189	Spectrum Read#3
C	0.187	0.037	0.189	0.037	0.191	0.037	0.199	0.037	0.192	0.036	0.187	0.038	Spectrum Read#3
D	0.058	0.194	0.038	0.189	0.038	0.189	0.037	0.194	0.039	0.194	0.037	0.191	Spectrum Read#3
E	0.189	0.036	0.183	0.037	0.190	0.037	0.188	0.039	0.192	0.038	0.187	0.037	Spectrum Read#3
F	0.038	0.184	0.038	0.190	0.048	0.187	0.037	0.229	0.037	0.191	0.037	0.188	Spectrum Read#3
G	0.187	0.036	0.192	0.038	0.191	0.038	0.192	0.038	0.188	0.036	0.188	0.036	Spectrum Read#3
H	0.045	0.186	0.039	0.187	0.037	0.185	0.038	0.188	0.038	0.188	0.037	0.187	Spectrum Read#3

Spectrum
Wavelength 4 (500 nm)
	1	2	3	4	5	6	7	8	9	10	11	12
A	0.216	0.036	0.224	0.036	0.216	0.036	0.209	0.036	0.218	0.038	0.214	0.038	Spectrum Read#4
B	0.038	0.209	0.038	0.226	0.036	0.217	0.036	0.224	0.037	0.213	0.038	0.208	Spectrum Read#4
C	0.207	0.036	0.212	0.036	0.214	0.036	0.229	0.036	0.219	0.036	0.204	0.038	Spectrum Read#4
D	0.058	0.219	0.036	0.208	0.038	0.212	0.036	0.221	0.037	0.214	0.036	0.217	Spectrum Read#4
E	0.208	0.036	0.203	0.037	0.213	0.036	0.210	0.037	0.218	0.036	0.208	0.036	Spectrum Read#4
F	0.037	0.202	0.036	0.215	0.046	0.207	0.036	0.296	0.038	0.211	0.037	0.208	Spectrum Read#4
G	0.209	0.036	0.218	0.037	0.216	0.036	0.215	0.036	0.209	0.036	0.211	0.035	Spectrum Read#4
H	0.045	0.209	0.037	0.208	0.036	0.206	0.037	0.209	0.037	0.211	0.036	0.207	Spectrum Read#4

Spectrum
Wavelength 5 (530 nm)
	1	2	3	4	5	6	7	8	9	10	11	12
A	0.247	0.036	0.259	0.036	0.248	0.036	0.237	0.036	0.249	0.038	0.244	0.038	Spectrum Read#5
B	0.038	0.237	0.038	0.259	0.036	0.249	0.035	0.258	0.036	0.242	0.038	0.236	Spectrum Read#5
C	0.234	0.036	0.243	0.036	0.245	0.035	0.264	0.036	0.253	0.037	0.232	0.037	Spectrum Read#5
D	0.058	0.251	0.035	0.236	0.037	0.242	0.035	0.252	0.036	0.243	0.036	0.248	Spectrum Read#5
E	0.236	0.037	0.230	0.038	0.244	0.036	0.240	0.036	0.249	0.035	0.237	0.036	Spectrum Read#5
F	0.038	0.230	0.036	0.247	0.045	0.236	0.036	0.351	0.038	0.241	0.036	0.236	Spectrum Read#5
G	0.239	0.036	0.249	0.036	0.249	0.036	0.246	0.036	0.237	0.036	0.241	0.035	Spectrum Read#5
H	0.046	0.238	0.037	0.238	0.036	0.235	0.036	0.239	0.037	0.242	0.036	0.234	Spectrum Read#5

Spectrum
Wavelength 6 (560 nm)
	1	2	3	4	5	6	7	8	9	10	11	12
A	0.253	0.038	0.261	0.037	0.254	0.036	0.248	0.036	0.256	0.038	0.252	0.039	Spectrum Read#6
B	0.038	0.249	0.038	0.260	0.036	0.254	0.036	0.259	0.036	0.250	0.038	0.246	Spectrum Read#6
C	0.244	0.037	0.252	0.036	0.252	0.036	0.264	0.037	0.258	0.038	0.245	0.038	Spectrum Read#6
D	0.058	0.256	0.036	0.246	0.037	0.251	0.036	0.257	0.036	0.253	0.038	0.252	Spectrum Read#6
E	0.246	0.038	0.240	0.037	0.252	0.036	0.248	0.037	0.255	0.036	0.248	0.036	Spectrum Read#6
F	0.038	0.243	0.036	0.254	0.046	0.246	0.036	0.310	0.038	0.250	0.037	0.246	Spectrum Read#6
G	0.247	0.036	0.254	0.036	0.255	0.036	0.253	0.038	0.246	0.036	0.248	0.036	Spectrum Read#6
H	0.046	0.245	0.037	0.246	0.037	0.244	0.037	0.248	0.037	0.248	0.036	0.244	Spectrum Read#6

Spectrum
Wavelength 7 (590 nm)
	1	2	3	4	5	6	7	8	9	10	11	12
A	0.242	0.038	0.236	0.037	0.241	0.036	0.252	0.036	0.246	0.038	0.245	0.038	Spectrum Read#7
B	0.038	0.255	0.037	0.234	0.036	0.238	0.035	0.233	0.036	0.245	0.038	0.251	Spectrum Read#7
C	0.246	0.037	0.247	0.037	0.244	0.036	0.235	0.037	0.239	0.039	0.254	0.037	Spectrum Read#7
D	0.058	0.241	0.037	0.249	0.037	0.245	0.036	0.241	0.036	0.251	0.038	0.233	Spectrum Read#7
E	0.248	0.038	0.241	0.036	0.243	0.036	0.242	0.038	0.244	0.037	0.250	0.036	Spectrum Read#7
F	0.038	0.251	0.037	0.244	0.048	0.246	0.036	0.167	0.036	0.246	0.036	0.248	Spectrum Read#7
G	0.242	0.036	0.241	0.037	0.237	0.037	0.242	0.038	0.244	0.036	0.240	0.036	Spectrum Read#7
H	0.047	0.239	0.036	0.243	0.038	0.240	0.037	0.245	0.036	0.237	0.036	0.247	Spectrum Read#7

Spectrum
Wavelength 8 (620 nm)
	1	2	3	4	5	6	7	8	9	10	11	12
A	0.216	0.038	0.203	0.037	0.214	0.035	0.232	0.035	0.219	0.038	0.221	0.038	Spectrum Read#8
B	0.037	0.236	0.036	0.201	0.035	0.210	0.035	0.200	0.035	0.222	0.037	0.232	Spectrum Read#8
C	0.226	0.037	0.223	0.037	0.219	0.035	0.201	0.037	0.209	0.038	0.237	0.037	Spectrum Read#8
D	0.058	0.212	0.038	0.229	0.036	0.220	0.036	0.213	0.037	0.230	0.038	0.204	Spectrum Read#8
E	0.227	0.037	0.221	0.035	0.216	0.035	0.217	0.038	0.218	0.037	0.229	0.035	Spectrum Read#8
F	0.038	0.234	0.038	0.218	0.048	0.224	0.036	0.078	0.035	0.224	0.035	0.228	Spectrum Read#8
G	0.218	0.035	0.213	0.037	0.208	0.036	0.216	0.038	0.221	0.035	0.215	0.035	Spectrum Read#8
H	0.047	0.215	0.036	0.220	0.038	0.217	0.037	0.223	0.036	0.211	0.035	0.227	Spectrum Read#8

Spectrum
Wavelength 9 (650 nm)
	1	2	3	4	5	6	7	8	9	10	11	12
A	0.305	0.037	0.280	0.036	0.301	0.034	0.333	0.035	0.310	0.037	0.312	0.037	Spectrum Read#9
B	0.036	0.340	0.035	0.275	0.035	0.294	0.034	0.275	0.034	0.316	0.035	0.332	Spectrum Read#9
C	0.322	0.037	0.317	0.036	0.310	0.035	0.275	0.036	0.292	0.037	0.342	0.035	Spectrum Read#9
D	0.056	0.298	0.037	0.331	0.035	0.314	0.035	0.299	0.036	0.328	0.037	0.284	Spectrum Read#9
E	0.327	0.036	0.321	0.034	0.305	0.035	0.309	0.036	0.309	0.037	0.329	0.035	Spectrum Read#9
F	0.038	0.340	0.037	0.310	0.046	0.322	0.035	0.061	0.035	0.319	0.035	0.325	Spectrum Read#9
G	0.310	0.035	0.300	0.036	0.288	0.035	0.304	0.036	0.315	0.034	0.303	0.034	Spectrum Read#9
H	0.046	0.305	0.035	0.314	0.037	0.308	0.036	0.317	0.035	0.298	0.035	0.325	Spectrum Read#9

Spectrum
Wavelength 10 (680 nm)
	1	2	3	4	5	6	7	8	9	10	11	12
A	0.109	0.037	0.104	0.036	0.107	0.034	0.115	0.034	0.110	0.037	0.111	0.036	Spectrum Read#10
B	0.035	0.116	0.034	0.104	0.034	0.105	0.034	0.101	0.034	0.110	0.034	0.114	Spectrum Read#10
C	0.112	0.036	0.113	0.036	0.111	0.034	0.105	0.035	0.107	0.036	0.118	0.035	Spectrum Read#10
D	0.055	0.109	0.037	0.115	0.035	0.110	0.034	0.109	0.037	0.117	0.036	0.103	Spectrum Read#10
E	0.113	0.035	0.113	0.035	0.108	0.034	0.109	0.035	0.112	0.037	0.114	0.034	Spectrum Read#10
F	0.037	0.115	0.037	0.112	0.044	0.111	0.034	0.051	0.034	0.114	0.034	0.114	Spectrum Read#10
G	0.109	0.034	0.108	0.035	0.104	0.034	0.109	0.034	0.110	0.034	0.108	0.034	Spectrum Read#10
H	0.046	0.107	0.034	0.109	0.037	0.108	0.035	0.113	0.034	0.105	0.034	0.114	Spectrum Read#10

