Spectrum
Wavelength 1 (530 nm)
	1	2	3	4	5	6	7	8	9	10	11	12
A	0.345	0.035	0.338	0.035	0.344	0.035	0.340	0.036	0.333	0.035	0.331	0.035	Spectrum Read#1
B	0.035	0.336	0.035	0.336	0.039	0.335	0.035	0.328	0.035	0.335	0.035	0.326	Spectrum Read#1
C	0.344	0.035	0.334	0.035	0.322	0.035	0.330	0.035	0.324	0.035	0.324	0.035	Spectrum Read#1
D	0.035	0.323	0.035	0.319	0.035	0.338	0.035	0.331	0.035	0.330	0.035	0.341	Spectrum Read#1
E	0.359	0.035	0.341	0.035	0.339	0.035	0.332	0.035	0.340	0.035	0.318	0.035	Spectrum Read#1
F	0.036	0.332	0.035	0.341	0.035	0.347	0.035	0.339	0.036	0.335	0.036	0.328	Spectrum Read#1
G	0.329	0.036	0.327	0.037	0.333	0.036	0.316	0.035	0.331	0.035	0.324	0.035	Spectrum Read#1
H	0.035	0.318	0.036	0.329	0.035	0.338	0.038	0.333	0.035	0.326	0.035	0.332	Spectrum Read#1

Spectrum
Wavelength 2 (545 nm)
	1	2	3	4	5	6	7	8	9	10	11	12
A	0.344	0.035	0.339	0.035	0.343	0.035	0.340	0.036	0.334	0.035	0.332	0.036	Spectrum Read#2
B	0.035	0.337	0.035	0.336	0.039	0.337	0.035	0.329	0.035	0.335	0.035	0.328	Spectrum Read#2
C	0.343	0.035	0.335	0.035	0.325	0.035	0.332	0.035	0.327	0.035	0.326	0.035	Spectrum Read#2
D	0.035	0.325	0.035	0.322	0.035	0.341	0.035	0.333	0.035	0.332	0.035	0.341	Spectrum Read#2
E	0.356	0.035	0.342	0.036	0.341	0.035	0.335	0.035	0.342	0.035	0.321	0.035	Spectrum Read#2
F	0.036	0.333	0.035	0.342	0.035	0.347	0.035	0.341	0.036	0.337	0.036	0.329	Spectrum Read#2
G	0.331	0.035	0.329	0.037	0.334	0.036	0.319	0.035	0.332	0.035	0.326	0.035	Spectrum Read#2
H	0.035	0.321	0.036	0.330	0.035	0.339	0.038	0.334	0.035	0.328	0.035	0.332	Spectrum Read#2

Spectrum
Wavelength 3 (560 nm)
	1	2	3	4	5	6	7	8	9	10	11	12
A	0.331	0.035	0.329	0.035	0.330	0.035	0.328	0.036	0.324	0.035	0.321	0.035	Spectrum Read#3
B	0.035	0.327	0.035	0.324	0.039	0.328	0.035	0.320	0.035	0.326	0.035	0.319	Spectrum Read#3
C	0.329	0.035	0.326	0.035	0.320	0.035	0.325	0.035	0.323	0.035	0.318	0.035	Spectrum Read#3
D	0.035	0.318	0.035	0.316	0.035	0.335	0.035	0.327	0.035	0.326	0.035	0.327	Spectrum Read#3
E	0.338	0.035	0.332	0.035	0.334	0.035	0.328	0.035	0.335	0.035	0.315	0.035	Spectrum Read#3
F	0.036	0.323	0.035	0.333	0.035	0.334	0.035	0.335	0.036	0.330	0.035	0.320	Spectrum Read#3
G	0.322	0.035	0.320	0.037	0.325	0.035	0.315	0.035	0.324	0.035	0.318	0.035	Spectrum Read#3
H	0.035	0.314	0.036	0.321	0.035	0.327	0.038	0.322	0.035	0.320	0.035	0.321	Spectrum Read#3

Spectrum
Wavelength 4 (575 nm)
	1	2	3	4	5	6	7	8	9	10	11	12
A	0.294	0.035	0.296	0.035	0.292	0.035	0.293	0.036	0.291	0.035	0.289	0.035	Spectrum Read#4
B	0.035	0.293	0.035	0.290	0.039	0.297	0.035	0.288	0.035	0.293	0.035	0.288	Spectrum Read#4
C	0.290	0.035	0.293	0.035	0.294	0.035	0.297	0.035	0.299	0.035	0.289	0.035	Spectrum Read#4
D	0.035	0.288	0.035	0.288	0.035	0.309	0.035	0.299	0.035	0.299	0.035	0.290	Spectrum Read#4
E	0.294	0.035	0.298	0.035	0.305	0.035	0.300	0.035	0.306	0.035	0.288	0.035	Spectrum Read#4
F	0.036	0.290	0.035	0.301	0.035	0.298	0.035	0.306	0.035	0.302	0.035	0.287	Spectrum Read#4
G	0.290	0.035	0.289	0.037	0.292	0.035	0.290	0.035	0.292	0.035	0.288	0.035	Spectrum Read#4
H	0.035	0.286	0.036	0.288	0.035	0.291	0.038	0.287	0.035	0.289	0.035	0.286	Spectrum Read#4

Spectrum
Wavelength 5 (590 nm)
	1	2	3	4	5	6	7	8	9	10	11	12
A	0.256	0.035	0.268	0.035	0.254	0.035	0.260	0.035	0.262	0.035	0.261	0.035	Spectrum Read#5
B	0.034	0.263	0.035	0.257	0.038	0.273	0.035	0.261	0.034	0.265	0.034	0.263	Spectrum Read#5
C	0.248	0.035	0.267	0.035	0.282	0.035	0.279	0.035	0.289	0.035	0.269	0.035	Spectrum Read#5
D	0.035	0.269	0.035	0.272	0.035	0.295	0.035	0.283	0.035	0.283	0.034	0.252	Spectrum Read#5
E	0.242	0.035	0.269	0.035	0.285	0.035	0.284	0.035	0.288	0.035	0.274	0.035	Spectrum Read#5
F	0.035	0.261	0.035	0.275	0.035	0.262	0.035	0.288	0.035	0.283	0.035	0.259	Spectrum Read#5
G	0.266	0.035	0.265	0.036	0.265	0.035	0.280	0.035	0.268	0.035	0.267	0.035	Spectrum Read#5
H	0.035	0.269	0.036	0.261	0.035	0.257	0.038	0.254	0.034	0.266	0.035	0.253	Spectrum Read#5

Spectrum
Wavelength 6 (605 nm)
	1	2	3	4	5	6	7	8	9	10	11	12
A	0.235	0.034	0.255	0.035	0.233	0.035	0.242	0.035	0.248	0.035	0.248	0.035	Spectrum Read#6
B	0.034	0.248	0.035	0.240	0.038	0.263	0.035	0.249	0.034	0.252	0.034	0.252	Spectrum Read#6
C	0.223	0.035	0.255	0.035	0.282	0.035	0.274	0.035	0.291	0.035	0.262	0.034	Spectrum Read#6
D	0.034	0.262	0.035	0.268	0.035	0.294	0.035	0.279	0.035	0.280	0.034	0.230	Spectrum Read#6
E	0.209	0.035	0.255	0.035	0.279	0.035	0.280	0.035	0.284	0.035	0.271	0.035	Spectrum Read#6
F	0.035	0.247	0.034	0.264	0.035	0.242	0.035	0.284	0.035	0.278	0.035	0.245	Spectrum Read#6
G	0.255	0.035	0.256	0.036	0.253	0.035	0.282	0.035	0.257	0.035	0.259	0.035	Spectrum Read#6
H	0.035	0.265	0.035	0.248	0.035	0.238	0.037	0.235	0.035	0.257	0.035	0.234	Spectrum Read#6

Spectrum
Wavelength 7 (620 nm)
	1	2	3	4	5	6	7	8	9	10	11	12
A	0.197	0.034	0.215	0.034	0.195	0.035	0.203	0.035	0.209	0.034	0.209	0.035	Spectrum Read#7
B	0.034	0.208	0.034	0.201	0.038	0.222	0.035	0.209	0.034	0.211	0.034	0.212	Spectrum Read#7
C	0.186	0.035	0.214	0.035	0.239	0.034	0.232	0.035	0.248	0.035	0.221	0.034	Spectrum Read#7
D	0.034	0.221	0.035	0.227	0.034	0.252	0.034	0.237	0.034	0.238	0.035	0.192	Spectrum Read#7
E	0.173	0.034	0.215	0.035	0.238	0.035	0.238	0.034	0.241	0.035	0.229	0.035	Spectrum Read#7
F	0.035	0.207	0.035	0.222	0.034	0.204	0.034	0.241	0.035	0.236	0.035	0.206	Spectrum Read#7
G	0.215	0.035	0.215	0.036	0.212	0.035	0.239	0.034	0.217	0.034	0.218	0.034	Spectrum Read#7
H	0.035	0.223	0.035	0.208	0.035	0.199	0.037	0.197	0.034	0.216	0.035	0.197	Spectrum Read#7

Spectrum
Wavelength 8 (635 nm)
	1	2	3	4	5	6	7	8	9	10	11	12
A	0.196	0.034	0.216	0.034	0.194	0.035	0.203	0.035	0.210	0.034	0.210	0.034	Spectrum Read#8
B	0.034	0.209	0.034	0.202	0.038	0.224	0.034	0.212	0.034	0.213	0.034	0.214	Spectrum Read#8
C	0.184	0.034	0.216	0.034	0.245	0.034	0.236	0.034	0.254	0.034	0.225	0.034	Spectrum Read#8
D	0.034	0.225	0.034	0.231	0.034	0.257	0.035	0.241	0.034	0.243	0.034	0.191	Spectrum Read#8
E	0.169	0.034	0.216	0.035	0.241	0.034	0.243	0.034	0.245	0.035	0.234	0.034	Spectrum Read#8
F	0.035	0.209	0.034	0.225	0.034	0.203	0.034	0.246	0.035	0.241	0.035	0.208	Spectrum Read#8
G	0.217	0.035	0.218	0.036	0.215	0.035	0.245	0.034	0.220	0.034	0.222	0.034	Spectrum Read#8
H	0.035	0.228	0.035	0.211	0.035	0.200	0.037	0.198	0.035	0.220	0.035	0.197	Spectrum Read#8

Spectrum
Wavelength 9 (650 nm)
	1	2	3	4	5	6	7	8	9	10	11	12
A	0.247	0.034	0.278	0.034	0.245	0.034	0.259	0.035	0.270	0.034	0.270	0.034	Spectrum Read#9
B	0.033	0.269	0.034	0.258	0.037	0.290	0.034	0.273	0.034	0.275	0.034	0.277	Spectrum Read#9
C	0.230	0.034	0.279	0.034	0.321	0.034	0.307	0.034	0.332	0.034	0.291	0.034	Spectrum Read#9
D	0.034	0.294	0.034	0.303	0.034	0.331	0.034	0.313	0.034	0.316	0.034	0.241	Spectrum Read#9
E	0.206	0.034	0.276	0.034	0.310	0.034	0.314	0.034	0.317	0.034	0.307	0.034	Spectrum Read#9
F	0.034	0.267	0.034	0.289	0.034	0.256	0.034	0.316	0.034	0.311	0.034	0.267	Spectrum Read#9
G	0.281	0.034	0.282	0.035	0.278	0.034	0.323	0.034	0.284	0.034	0.288	0.034	Spectrum Read#9
H	0.035	0.298	0.035	0.271	0.034	0.255	0.036	0.252	0.034	0.285	0.034	0.250	Spectrum Read#9

Spectrum
Wavelength 10 (665 nm)
	1	2	3	4	5	6	7	8	9	10	11	12
A	0.198	0.033	0.221	0.033	0.196	0.034	0.207	0.034	0.215	0.033	0.215	0.034	Spectrum Read#10
B	0.033	0.214	0.034	0.205	0.037	0.230	0.033	0.217	0.033	0.218	0.033	0.220	Spectrum Read#10
C	0.185	0.034	0.221	0.033	0.252	0.034	0.242	0.034	0.261	0.034	0.229	0.033	Spectrum Read#10
D	0.033	0.231	0.033	0.238	0.033	0.263	0.034	0.247	0.033	0.249	0.033	0.194	Spectrum Read#10
E	0.167	0.034	0.220	0.034	0.247	0.033	0.249	0.033	0.251	0.034	0.241	0.033	Spectrum Read#10
F	0.034	0.213	0.033	0.230	0.033	0.205	0.034	0.251	0.034	0.246	0.034	0.212	Spectrum Read#10
G	0.222	0.034	0.223	0.035	0.220	0.034	0.253	0.033	0.225	0.034	0.227	0.034	Spectrum Read#10
H	0.034	0.235	0.034	0.215	0.034	0.203	0.036	0.201	0.034	0.226	0.034	0.200	Spectrum Read#10

Spectrum
Wavelength 11 (680 nm)
	1	2	3	4	5	6	7	8	9	10	11	12
A	0.099	0.033	0.107	0.033	0.098	0.034	0.102	0.034	0.103	0.033	0.104	0.033	Spectrum Read#11
B	0.033	0.104	0.033	0.101	0.037	0.110	0.033	0.104	0.033	0.105	0.033	0.105	Spectrum Read#11
C	0.093	0.033	0.106	0.033	0.119	0.033	0.116	0.033	0.125	0.033	0.110	0.033	Spectrum Read#11
D	0.033	0.109	0.034	0.112	0.033	0.132	0.034	0.119	0.033	0.119	0.033	0.097	Spectrum Read#11
E	0.088	0.033	0.109	0.034	0.123	0.034	0.122	0.033	0.123	0.033	0.112	0.033	Spectrum Read#11
F	0.034	0.105	0.033	0.112	0.033	0.104	0.033	0.125	0.034	0.122	0.034	0.103	Spectrum Read#11
G	0.107	0.034	0.106	0.035	0.106	0.034	0.118	0.033	0.108	0.034	0.109	0.033	Spectrum Read#11
H	0.034	0.111	0.034	0.104	0.034	0.100	0.036	0.100	0.034	0.109	0.034	0.101	Spectrum Read#11

