Spectrum
Wavelength 1 (530 nm)
	1	2	3	4	5	6	7	8	9	10	11	12
A	0.299	0.041	0.307	0.037	0.310	0.035	0.318	0.037	0.305	0.035	0.312	0.036	Spectrum Read#1
B	0.035	0.318	0.035	0.313	0.035	0.311	0.035	0.323	0.036	0.318	0.035	0.308	Spectrum Read#1
C	0.300	0.035	0.308	0.035	0.300	0.035	0.313	0.035	0.305	0.037	0.298	0.036	Spectrum Read#1
D	0.035	0.309	0.036	0.298	0.039	0.300	0.037	0.319	0.038	0.308	0.038	0.294	Spectrum Read#1
E	0.307	0.035	0.311	0.036	0.308	0.037	0.315	0.036	0.297	0.035	0.295	0.036	Spectrum Read#1
F	0.035	0.286	0.035	0.315	0.035	0.298	0.035	0.305	0.036	0.311	0.036	0.294	Spectrum Read#1
G	0.286	0.036	0.298	0.036	0.304	0.042	0.297	0.035	0.302	0.036	0.298	0.035	Spectrum Read#1
H	0.035	0.313	0.035	0.303	0.035	0.306	0.036	0.301	0.035	0.298	0.036	0.293	Spectrum Read#1

Spectrum
Wavelength 2 (545 nm)
	1	2	3	4	5	6	7	8	9	10	11	12
A	0.303	0.041	0.311	0.037	0.313	0.035	0.320	0.037	0.308	0.035	0.314	0.035	Spectrum Read#2
B	0.035	0.320	0.035	0.315	0.035	0.314	0.035	0.324	0.036	0.320	0.035	0.310	Spectrum Read#2
C	0.303	0.036	0.311	0.035	0.304	0.035	0.315	0.035	0.308	0.037	0.301	0.036	Spectrum Read#2
D	0.035	0.313	0.035	0.302	0.039	0.304	0.037	0.321	0.038	0.311	0.037	0.298	Spectrum Read#2
E	0.310	0.035	0.314	0.036	0.311	0.036	0.317	0.036	0.301	0.036	0.299	0.035	Spectrum Read#2
F	0.035	0.289	0.035	0.319	0.036	0.303	0.035	0.309	0.036	0.313	0.036	0.299	Spectrum Read#2
G	0.291	0.036	0.302	0.036	0.307	0.042	0.301	0.035	0.306	0.036	0.302	0.035	Spectrum Read#2
H	0.035	0.316	0.035	0.307	0.035	0.309	0.036	0.305	0.035	0.302	0.036	0.297	Spectrum Read#2

Spectrum
Wavelength 3 (560 nm)
	1	2	3	4	5	6	7	8	9	10	11	12
A	0.301	0.041	0.306	0.037	0.309	0.035	0.313	0.037	0.304	0.035	0.307	0.035	Spectrum Read#3
B	0.035	0.313	0.035	0.309	0.035	0.309	0.035	0.316	0.036	0.311	0.035	0.304	Spectrum Read#3
C	0.300	0.036	0.306	0.035	0.302	0.036	0.309	0.035	0.304	0.037	0.299	0.037	Spectrum Read#3
D	0.035	0.308	0.035	0.299	0.039	0.303	0.037	0.314	0.038	0.306	0.037	0.297	Spectrum Read#3
E	0.304	0.035	0.309	0.036	0.306	0.036	0.310	0.036	0.299	0.036	0.297	0.036	Spectrum Read#3
F	0.035	0.286	0.036	0.315	0.036	0.301	0.035	0.305	0.036	0.307	0.036	0.297	Spectrum Read#3
G	0.291	0.036	0.299	0.036	0.303	0.041	0.298	0.035	0.302	0.036	0.299	0.035	Spectrum Read#3
H	0.035	0.309	0.036	0.303	0.035	0.303	0.036	0.301	0.035	0.298	0.036	0.293	Spectrum Read#3

Spectrum
Wavelength 4 (575 nm)
	1	2	3	4	5	6	7	8	9	10	11	12
A	0.278	0.041	0.282	0.037	0.284	0.035	0.283	0.037	0.280	0.035	0.279	0.035	Spectrum Read#4
B	0.035	0.283	0.035	0.283	0.035	0.283	0.035	0.286	0.035	0.281	0.035	0.276	Spectrum Read#4
C	0.275	0.035	0.279	0.035	0.280	0.035	0.281	0.035	0.279	0.037	0.278	0.036	Spectrum Read#4
D	0.035	0.282	0.035	0.277	0.039	0.282	0.037	0.285	0.038	0.281	0.037	0.276	Spectrum Read#4
E	0.278	0.035	0.283	0.035	0.279	0.036	0.282	0.035	0.277	0.035	0.276	0.035	Spectrum Read#4
F	0.035	0.263	0.035	0.291	0.035	0.279	0.035	0.282	0.036	0.280	0.035	0.275	Spectrum Read#4
G	0.272	0.036	0.277	0.036	0.278	0.041	0.276	0.035	0.278	0.036	0.277	0.035	Spectrum Read#4
H	0.035	0.281	0.035	0.278	0.035	0.277	0.035	0.278	0.035	0.274	0.035	0.270	Spectrum Read#4

Spectrum
Wavelength 5 (590 nm)
	1	2	3	4	5	6	7	8	9	10	11	12
A	0.273	0.040	0.271	0.037	0.273	0.035	0.263	0.037	0.270	0.035	0.262	0.035	Spectrum Read#5
B	0.035	0.263	0.035	0.268	0.035	0.271	0.035	0.265	0.036	0.258	0.035	0.258	Spectrum Read#5
C	0.266	0.035	0.264	0.035	0.274	0.035	0.265	0.035	0.269	0.037	0.273	0.036	Spectrum Read#5
D	0.035	0.270	0.035	0.270	0.038	0.280	0.037	0.266	0.038	0.270	0.037	0.274	Spectrum Read#5
E	0.264	0.035	0.270	0.035	0.264	0.036	0.265	0.036	0.272	0.035	0.273	0.035	Spectrum Read#5
F	0.035	0.254	0.035	0.282	0.035	0.274	0.035	0.274	0.036	0.263	0.035	0.270	Spectrum Read#5
G	0.273	0.035	0.271	0.036	0.268	0.041	0.269	0.035	0.269	0.036	0.271	0.035	Spectrum Read#5
H	0.035	0.262	0.035	0.268	0.035	0.262	0.035	0.270	0.035	0.265	0.035	0.260	Spectrum Read#5

Spectrum
Wavelength 6 (605 nm)
	1	2	3	4	5	6	7	8	9	10	11	12
A	0.278	0.041	0.271	0.037	0.274	0.035	0.256	0.037	0.271	0.035	0.257	0.035	Spectrum Read#6
B	0.035	0.256	0.035	0.265	0.035	0.269	0.035	0.256	0.036	0.249	0.035	0.251	Spectrum Read#6
C	0.267	0.035	0.261	0.035	0.279	0.035	0.261	0.035	0.270	0.037	0.279	0.036	Spectrum Read#6
D	0.035	0.269	0.035	0.275	0.039	0.288	0.037	0.260	0.038	0.269	0.037	0.281	Spectrum Read#6
E	0.262	0.035	0.269	0.035	0.262	0.036	0.259	0.035	0.277	0.035	0.279	0.035	Spectrum Read#6
F	0.035	0.255	0.035	0.284	0.035	0.280	0.035	0.277	0.036	0.258	0.036	0.276	Spectrum Read#6
G	0.283	0.036	0.276	0.036	0.268	0.040	0.272	0.035	0.271	0.036	0.275	0.035	Spectrum Read#6
H	0.036	0.255	0.035	0.268	0.035	0.258	0.035	0.272	0.035	0.267	0.035	0.261	Spectrum Read#6

Spectrum
Wavelength 7 (620 nm)
	1	2	3	4	5	6	7	8	9	10	11	12
A	0.235	0.040	0.229	0.036	0.232	0.034	0.215	0.036	0.229	0.035	0.217	0.035	Spectrum Read#7
B	0.035	0.215	0.035	0.224	0.035	0.228	0.035	0.217	0.035	0.209	0.035	0.212	Spectrum Read#7
C	0.226	0.035	0.220	0.034	0.237	0.035	0.220	0.034	0.229	0.036	0.236	0.036	Spectrum Read#7
D	0.034	0.227	0.035	0.233	0.038	0.244	0.036	0.220	0.037	0.228	0.036	0.239	Spectrum Read#7
E	0.221	0.035	0.227	0.035	0.221	0.035	0.219	0.035	0.235	0.035	0.237	0.035	Spectrum Read#7
F	0.034	0.217	0.035	0.242	0.035	0.238	0.034	0.234	0.035	0.218	0.035	0.234	Spectrum Read#7
G	0.240	0.035	0.234	0.035	0.227	0.040	0.231	0.035	0.229	0.035	0.233	0.035	Spectrum Read#7
H	0.035	0.214	0.035	0.227	0.035	0.218	0.035	0.231	0.035	0.226	0.035	0.221	Spectrum Read#7

Spectrum
Wavelength 8 (635 nm)
	1	2	3	4	5	6	7	8	9	10	11	12
A	0.244	0.040	0.237	0.036	0.239	0.034	0.221	0.036	0.237	0.034	0.222	0.034	Spectrum Read#8
B	0.034	0.221	0.034	0.230	0.034	0.235	0.034	0.221	0.035	0.214	0.034	0.217	Spectrum Read#8
C	0.233	0.035	0.226	0.034	0.245	0.034	0.226	0.034	0.236	0.036	0.245	0.035	Spectrum Read#8
D	0.034	0.234	0.034	0.241	0.038	0.254	0.036	0.225	0.036	0.235	0.036	0.248	Spectrum Read#8
E	0.228	0.034	0.235	0.035	0.227	0.035	0.225	0.035	0.244	0.034	0.246	0.034	Spectrum Read#8
F	0.034	0.224	0.034	0.249	0.034	0.247	0.034	0.242	0.035	0.224	0.035	0.243	Spectrum Read#8
G	0.251	0.035	0.242	0.035	0.235	0.039	0.239	0.034	0.238	0.035	0.242	0.034	Spectrum Read#8
H	0.035	0.220	0.034	0.234	0.035	0.224	0.034	0.239	0.035	0.234	0.035	0.229	Spectrum Read#8

Spectrum
Wavelength 9 (650 nm)
	1	2	3	4	5	6	7	8	9	10	11	12
A	0.323	0.039	0.312	0.036	0.315	0.034	0.286	0.036	0.311	0.034	0.289	0.034	Spectrum Read#9
B	0.034	0.287	0.034	0.300	0.034	0.308	0.034	0.284	0.035	0.277	0.034	0.283	Spectrum Read#9
C	0.308	0.035	0.296	0.034	0.325	0.034	0.295	0.034	0.311	0.036	0.325	0.035	Spectrum Read#9
D	0.034	0.309	0.034	0.320	0.038	0.338	0.036	0.291	0.036	0.308	0.036	0.328	Spectrum Read#9
E	0.299	0.034	0.309	0.034	0.299	0.035	0.293	0.035	0.324	0.034	0.327	0.034	Spectrum Read#9
F	0.034	0.295	0.034	0.327	0.034	0.328	0.034	0.320	0.035	0.291	0.035	0.322	Spectrum Read#9
G	0.336	0.035	0.321	0.035	0.309	0.039	0.317	0.034	0.313	0.035	0.320	0.034	Spectrum Read#9
H	0.035	0.287	0.034	0.308	0.035	0.293	0.034	0.315	0.035	0.309	0.035	0.302	Spectrum Read#9

Spectrum
Wavelength 10 (665 nm)
	1	2	3	4	5	6	7	8	9	10	11	12
A	0.251	0.039	0.243	0.035	0.245	0.034	0.225	0.035	0.242	0.034	0.226	0.034	Spectrum Read#10
B	0.034	0.225	0.034	0.235	0.034	0.240	0.033	0.224	0.034	0.217	0.034	0.222	Spectrum Read#10
C	0.239	0.034	0.232	0.034	0.252	0.034	0.231	0.034	0.242	0.035	0.252	0.035	Spectrum Read#10
D	0.034	0.240	0.034	0.248	0.037	0.261	0.035	0.229	0.036	0.240	0.035	0.255	Spectrum Read#10
E	0.234	0.034	0.240	0.034	0.233	0.035	0.229	0.034	0.251	0.034	0.253	0.034	Spectrum Read#10
F	0.033	0.230	0.034	0.256	0.034	0.254	0.034	0.248	0.034	0.228	0.034	0.250	Spectrum Read#10
G	0.259	0.034	0.249	0.035	0.241	0.039	0.246	0.034	0.244	0.034	0.248	0.034	Spectrum Read#10
H	0.034	0.226	0.034	0.241	0.034	0.229	0.034	0.245	0.034	0.240	0.034	0.236	Spectrum Read#10

Spectrum
Wavelength 11 (680 nm)
	1	2	3	4	5	6	7	8	9	10	11	12
A	0.116	0.039	0.114	0.035	0.115	0.033	0.108	0.035	0.113	0.033	0.108	0.033	Spectrum Read#11
B	0.033	0.107	0.033	0.113	0.033	0.113	0.033	0.110	0.034	0.104	0.033	0.106	Spectrum Read#11
C	0.112	0.034	0.109	0.033	0.116	0.034	0.109	0.033	0.113	0.035	0.117	0.035	Spectrum Read#11
D	0.033	0.113	0.033	0.115	0.037	0.120	0.035	0.110	0.036	0.113	0.035	0.118	Spectrum Read#11
E	0.110	0.033	0.112	0.034	0.110	0.034	0.110	0.034	0.116	0.034	0.116	0.033	Spectrum Read#11
F	0.033	0.109	0.033	0.123	0.033	0.118	0.033	0.115	0.034	0.108	0.034	0.116	Spectrum Read#11
G	0.118	0.034	0.115	0.034	0.112	0.039	0.114	0.033	0.115	0.034	0.115	0.033	Spectrum Read#11
H	0.034	0.107	0.034	0.114	0.034	0.109	0.033	0.116	0.034	0.112	0.034	0.112	Spectrum Read#11

