Spectrum
Wavelength 1 (410 nm)
	1	2	3	4	5	6	7	8	9	10	11	12
A	0.222	0.038	0.226	0.037	0.223	0.038	0.225	0.037	0.220	0.037	0.221	0.037	Spectrum Read#1
B	0.037	0.226	0.037	0.220	0.039	0.220	0.037	0.221	0.037	0.224	0.038	0.220	Spectrum Read#1
C	0.220	0.038	0.221	0.037	0.220	0.037	0.223	0.037	0.224	0.038	0.205	0.037	Spectrum Read#1
D	0.037	0.208	0.037	0.216	0.037	0.214	0.044	0.224	0.037	0.208	0.037	0.205	Spectrum Read#1
E	0.210	0.037	0.210	0.038	0.205	0.037	0.221	0.038	0.210	0.037	0.207	0.037	Spectrum Read#1
F	0.038	0.210	0.038	0.208	0.037	0.213	0.037	0.210	0.037	0.214	0.037	0.210	Spectrum Read#1
G	0.215	0.038	0.209	0.038	0.211	0.038	0.213	0.037	0.224	0.037	0.207	0.037	Spectrum Read#1
H	0.038	0.206	0.038	0.214	0.044	0.209	0.038	0.205	0.037	0.216	0.038	0.215	Spectrum Read#1

Spectrum
Wavelength 2 (440 nm)
	1	2	3	4	5	6	7	8	9	10	11	12
A	0.207	0.036	0.212	0.035	0.208	0.037	0.211	0.036	0.206	0.036	0.207	0.036	Spectrum Read#2
B	0.036	0.211	0.035	0.205	0.038	0.205	0.036	0.206	0.036	0.209	0.036	0.205	Spectrum Read#2
C	0.206	0.036	0.206	0.036	0.206	0.036	0.208	0.036	0.210	0.036	0.201	0.036	Spectrum Read#2
D	0.036	0.204	0.036	0.211	0.036	0.209	0.043	0.209	0.036	0.204	0.036	0.202	Spectrum Read#2
E	0.205	0.036	0.205	0.036	0.201	0.036	0.215	0.036	0.206	0.037	0.202	0.036	Spectrum Read#2
F	0.036	0.205	0.036	0.204	0.036	0.209	0.035	0.206	0.036	0.210	0.036	0.205	Spectrum Read#2
G	0.210	0.038	0.205	0.036	0.207	0.036	0.209	0.036	0.210	0.036	0.203	0.036	Spectrum Read#2
H	0.036	0.202	0.036	0.209	0.042	0.204	0.036	0.202	0.036	0.211	0.036	0.210	Spectrum Read#2

Spectrum
Wavelength 3 (470 nm)
	1	2	3	4	5	6	7	8	9	10	11	12
A	0.200	0.035	0.207	0.034	0.205	0.035	0.206	0.035	0.202	0.034	0.204	0.035	Spectrum Read#3
B	0.035	0.206	0.034	0.201	0.036	0.200	0.035	0.202	0.035	0.203	0.035	0.202	Spectrum Read#3
C	0.203	0.035	0.201	0.035	0.207	0.034	0.202	0.035	0.204	0.035	0.236	0.035	Spectrum Read#3
D	0.035	0.239	0.035	0.246	0.035	0.242	0.042	0.204	0.035	0.239	0.035	0.236	Spectrum Read#3
E	0.239	0.035	0.241	0.035	0.236	0.035	0.250	0.035	0.242	0.035	0.237	0.035	Spectrum Read#3
F	0.035	0.240	0.035	0.240	0.035	0.245	0.034	0.242	0.035	0.246	0.034	0.239	Spectrum Read#3
G	0.244	0.036	0.241	0.035	0.243	0.035	0.245	0.035	0.207	0.035	0.238	0.035	Spectrum Read#3
H	0.035	0.237	0.035	0.245	0.041	0.238	0.034	0.237	0.035	0.247	0.035	0.242	Spectrum Read#3

Spectrum
Wavelength 4 (500 nm)
	1	2	3	4	5	6	7	8	9	10	11	12
A	0.221	0.035	0.230	0.034	0.231	0.035	0.229	0.035	0.227	0.034	0.230	0.035	Spectrum Read#4
B	0.034	0.232	0.034	0.227	0.036	0.225	0.034	0.226	0.035	0.226	0.035	0.228	Spectrum Read#4
C	0.229	0.035	0.224	0.035	0.241	0.034	0.224	0.035	0.227	0.035	0.313	0.035	Spectrum Read#4
D	0.035	0.316	0.035	0.323	0.035	0.317	0.041	0.229	0.035	0.317	0.035	0.312	Spectrum Read#4
E	0.317	0.035	0.320	0.035	0.313	0.035	0.327	0.035	0.321	0.035	0.314	0.035	Spectrum Read#4
F	0.035	0.317	0.035	0.318	0.035	0.323	0.034	0.321	0.035	0.325	0.034	0.314	Spectrum Read#4
G	0.320	0.035	0.320	0.035	0.322	0.035	0.324	0.035	0.235	0.035	0.316	0.035	Spectrum Read#4
H	0.035	0.312	0.035	0.325	0.040	0.316	0.035	0.314	0.034	0.329	0.036	0.315	Spectrum Read#4

Spectrum
Wavelength 5 (530 nm)
	1	2	3	4	5	6	7	8	9	10	11	12
A	0.253	0.035	0.263	0.034	0.266	0.035	0.264	0.035	0.261	0.034	0.266	0.035	Spectrum Read#5
B	0.034	0.267	0.034	0.262	0.036	0.260	0.034	0.260	0.035	0.260	0.035	0.263	Spectrum Read#5
C	0.265	0.034	0.257	0.034	0.281	0.034	0.257	0.035	0.260	0.035	0.377	0.035	Spectrum Read#5
D	0.035	0.383	0.035	0.390	0.035	0.382	0.042	0.264	0.035	0.383	0.035	0.376	Spectrum Read#5
E	0.383	0.035	0.388	0.034	0.380	0.035	0.395	0.035	0.388	0.035	0.380	0.035	Spectrum Read#5
F	0.035	0.384	0.034	0.385	0.035	0.390	0.034	0.388	0.035	0.392	0.035	0.379	Spectrum Read#5
G	0.385	0.034	0.386	0.035	0.389	0.035	0.391	0.035	0.272	0.036	0.381	0.034	Spectrum Read#5
H	0.035	0.378	0.036	0.394	0.040	0.383	0.035	0.380	0.034	0.398	0.037	0.380	Spectrum Read#5

Spectrum
Wavelength 6 (560 nm)
	1	2	3	4	5	6	7	8	9	10	11	12
A	0.266	0.034	0.273	0.034	0.274	0.034	0.273	0.035	0.269	0.034	0.273	0.035	Spectrum Read#6
B	0.034	0.276	0.034	0.270	0.036	0.270	0.034	0.270	0.034	0.271	0.035	0.270	Spectrum Read#6
C	0.272	0.034	0.269	0.034	0.282	0.034	0.269	0.034	0.271	0.034	0.329	0.034	Spectrum Read#6
D	0.035	0.334	0.034	0.341	0.034	0.336	0.041	0.274	0.034	0.333	0.035	0.328	Spectrum Read#6
E	0.335	0.035	0.337	0.034	0.330	0.034	0.345	0.035	0.337	0.034	0.331	0.034	Spectrum Read#6
F	0.035	0.336	0.034	0.336	0.035	0.338	0.034	0.337	0.035	0.340	0.035	0.333	Spectrum Read#6
G	0.337	0.034	0.336	0.034	0.338	0.035	0.340	0.034	0.280	0.035	0.331	0.034	Spectrum Read#6
H	0.035	0.329	0.036	0.344	0.039	0.336	0.035	0.331	0.034	0.346	0.036	0.334	Spectrum Read#6

Spectrum
Wavelength 7 (590 nm)
	1	2	3	4	5	6	7	8	9	10	11	12
A	0.271	0.034	0.272	0.034	0.264	0.034	0.270	0.035	0.263	0.034	0.261	0.035	Spectrum Read#7
B	0.034	0.268	0.034	0.263	0.036	0.264	0.034	0.266	0.034	0.270	0.035	0.261	Spectrum Read#7
C	0.261	0.034	0.268	0.034	0.253	0.034	0.271	0.035	0.270	0.034	0.166	0.035	Spectrum Read#7
D	0.035	0.171	0.034	0.181	0.034	0.178	0.041	0.269	0.034	0.167	0.035	0.165	Spectrum Read#7
E	0.172	0.035	0.169	0.034	0.166	0.034	0.185	0.035	0.169	0.034	0.166	0.034	Spectrum Read#7
F	0.035	0.176	0.035	0.168	0.035	0.172	0.034	0.169	0.035	0.170	0.035	0.175	Spectrum Read#7
G	0.177	0.035	0.170	0.034	0.169	0.035	0.170	0.034	0.267	0.035	0.166	0.034	Spectrum Read#7
H	0.035	0.167	0.035	0.175	0.039	0.173	0.035	0.167	0.034	0.174	0.036	0.185	Spectrum Read#7

Spectrum
Wavelength 8 (620 nm)
	1	2	3	4	5	6	7	8	9	10	11	12
A	0.250	0.034	0.248	0.033	0.236	0.034	0.245	0.035	0.237	0.033	0.233	0.035	Spectrum Read#8
B	0.034	0.241	0.034	0.236	0.035	0.238	0.034	0.241	0.034	0.247	0.034	0.234	Spectrum Read#8
C	0.233	0.033	0.244	0.034	0.215	0.033	0.249	0.034	0.246	0.034	0.065	0.034	Spectrum Read#8
D	0.034	0.069	0.034	0.081	0.034	0.080	0.040	0.244	0.034	0.064	0.035	0.064	Spectrum Read#8
E	0.070	0.034	0.065	0.034	0.064	0.033	0.085	0.034	0.065	0.034	0.064	0.034	Spectrum Read#8
F	0.035	0.076	0.034	0.064	0.034	0.069	0.034	0.064	0.034	0.065	0.035	0.077	Spectrum Read#8
G	0.077	0.035	0.066	0.034	0.064	0.035	0.065	0.034	0.237	0.034	0.064	0.034	Spectrum Read#8
H	0.034	0.065	0.034	0.070	0.039	0.072	0.034	0.066	0.033	0.067	0.035	0.092	Spectrum Read#8

Spectrum
Wavelength 9 (650 nm)
	1	2	3	4	5	6	7	8	9	10	11	12
A	0.366	0.033	0.358	0.033	0.339	0.033	0.355	0.034	0.341	0.033	0.333	0.034	Spectrum Read#9
B	0.033	0.347	0.033	0.341	0.035	0.345	0.033	0.350	0.033	0.358	0.034	0.336	Spectrum Read#9
C	0.333	0.033	0.356	0.033	0.301	0.033	0.363	0.034	0.356	0.033	0.047	0.034	Spectrum Read#9
D	0.034	0.051	0.033	0.064	0.033	0.065	0.039	0.353	0.033	0.045	0.034	0.046	Spectrum Read#9
E	0.052	0.033	0.046	0.033	0.045	0.033	0.069	0.033	0.046	0.033	0.046	0.033	Spectrum Read#9
F	0.034	0.059	0.034	0.046	0.033	0.050	0.034	0.045	0.033	0.045	0.034	0.061	Spectrum Read#9
G	0.060	0.035	0.048	0.033	0.045	0.034	0.046	0.033	0.338	0.033	0.045	0.034	Spectrum Read#9
H	0.034	0.047	0.033	0.051	0.037	0.054	0.033	0.047	0.033	0.047	0.034	0.079	Spectrum Read#9

Spectrum
Wavelength 10 (680 nm)
	1	2	3	4	5	6	7	8	9	10	11	12
A	0.118	0.033	0.118	0.033	0.113	0.033	0.117	0.034	0.113	0.032	0.112	0.034	Spectrum Read#10
B	0.033	0.115	0.033	0.113	0.034	0.114	0.033	0.115	0.033	0.117	0.033	0.112	Spectrum Read#10
C	0.111	0.033	0.116	0.033	0.105	0.033	0.118	0.033	0.117	0.033	0.041	0.034	Spectrum Read#10
D	0.033	0.043	0.033	0.051	0.033	0.050	0.039	0.116	0.033	0.040	0.034	0.041	Spectrum Read#10
E	0.043	0.033	0.040	0.033	0.040	0.032	0.054	0.033	0.040	0.033	0.041	0.033	Spectrum Read#10
F	0.034	0.046	0.034	0.040	0.033	0.042	0.034	0.040	0.033	0.040	0.034	0.046	Spectrum Read#10
G	0.049	0.035	0.041	0.033	0.040	0.033	0.040	0.033	0.113	0.033	0.039	0.033	Spectrum Read#10
H	0.033	0.042	0.033	0.044	0.037	0.043	0.033	0.042	0.032	0.041	0.033	0.058	Spectrum Read#10

