Spectrum
Wavelength 1 (410 nm)
	1	2	3	4	5	6	7	8	9	10	11	12
A	0.219	0.038	0.218	0.037	0.215	0.037	0.220	0.038	0.218	0.041	0.216	0.038	Spectrum Read#1
B	0.038	0.220	0.038	0.225	0.039	0.224	0.038	0.227	0.038	0.222	0.038	0.221	Spectrum Read#1
C	0.225	0.038	0.226	0.038	0.219	0.040	0.234	0.038	0.229	0.038	0.225	0.038	Spectrum Read#1
D	0.038	0.224	0.039	0.238	0.040	0.253	0.038	0.225	0.042	0.225	0.038	0.224	Spectrum Read#1
E	0.222	0.039	0.226	0.038	0.230	0.038	0.229	0.038	0.241	0.038	0.229	0.038	Spectrum Read#1
F	0.038	0.220	0.038	0.224	0.038	0.226	0.039	0.210	0.040	0.213	0.038	0.227	Spectrum Read#1
G	0.220	0.038	0.223	0.038	0.229	0.043	0.227	0.038	0.229	0.038	0.229	0.038	Spectrum Read#1
H	0.038	0.221	0.038	0.224	0.038	0.223	0.038	0.225	0.037	0.234	0.038	0.210	Spectrum Read#1

Spectrum
Wavelength 2 (440 nm)
	1	2	3	4	5	6	7	8	9	10	11	12
A	0.205	0.037	0.204	0.036	0.212	0.036	0.207	0.036	0.205	0.039	0.204	0.036	Spectrum Read#2
B	0.036	0.207	0.036	0.211	0.037	0.211	0.037	0.213	0.036	0.209	0.037	0.208	Spectrum Read#2
C	0.210	0.036	0.212	0.036	0.206	0.038	0.220	0.036	0.215	0.036	0.212	0.036	Spectrum Read#2
D	0.036	0.211	0.037	0.224	0.038	0.239	0.037	0.211	0.040	0.212	0.036	0.211	Spectrum Read#2
E	0.210	0.037	0.213	0.036	0.217	0.037	0.214	0.036	0.226	0.036	0.216	0.037	Spectrum Read#2
F	0.036	0.207	0.037	0.211	0.037	0.213	0.037	0.208	0.039	0.211	0.037	0.213	Spectrum Read#2
G	0.207	0.036	0.210	0.037	0.215	0.041	0.213	0.036	0.215	0.037	0.215	0.036	Spectrum Read#2
H	0.036	0.217	0.037	0.210	0.037	0.209	0.036	0.212	0.036	0.221	0.037	0.208	Spectrum Read#2

Spectrum
Wavelength 3 (470 nm)
	1	2	3	4	5	6	7	8	9	10	11	12
A	0.199	0.036	0.198	0.035	0.245	0.035	0.206	0.036	0.203	0.038	0.203	0.035	Spectrum Read#3
B	0.035	0.204	0.035	0.207	0.036	0.212	0.036	0.209	0.035	0.208	0.036	0.203	Spectrum Read#3
C	0.204	0.035	0.209	0.035	0.200	0.037	0.214	0.035	0.214	0.035	0.209	0.035	Spectrum Read#3
D	0.035	0.210	0.036	0.222	0.037	0.238	0.036	0.210	0.040	0.210	0.035	0.206	Spectrum Read#3
E	0.209	0.036	0.209	0.035	0.215	0.036	0.209	0.035	0.219	0.036	0.214	0.036	Spectrum Read#3
F	0.035	0.207	0.036	0.207	0.036	0.209	0.036	0.241	0.038	0.245	0.036	0.208	Spectrum Read#3
G	0.205	0.036	0.205	0.036	0.210	0.040	0.206	0.036	0.210	0.036	0.211	0.036	Spectrum Read#3
H	0.036	0.249	0.036	0.204	0.036	0.202	0.035	0.209	0.035	0.215	0.036	0.242	Spectrum Read#3

Spectrum
Wavelength 4 (500 nm)
	1	2	3	4	5	6	7	8	9	10	11	12
A	0.220	0.035	0.218	0.035	0.320	0.035	0.234	0.035	0.230	0.037	0.232	0.035	Spectrum Read#4
B	0.035	0.233	0.035	0.233	0.036	0.244	0.036	0.235	0.035	0.238	0.036	0.226	Spectrum Read#4
C	0.226	0.035	0.237	0.035	0.221	0.036	0.238	0.035	0.244	0.035	0.236	0.035	Spectrum Read#4
D	0.035	0.240	0.036	0.250	0.037	0.267	0.035	0.238	0.039	0.238	0.035	0.229	Spectrum Read#4
E	0.242	0.036	0.235	0.035	0.244	0.035	0.232	0.035	0.241	0.035	0.243	0.035	Spectrum Read#4
F	0.035	0.237	0.035	0.234	0.035	0.234	0.036	0.315	0.037	0.320	0.035	0.233	Spectrum Read#4
G	0.234	0.035	0.229	0.035	0.235	0.039	0.226	0.035	0.232	0.035	0.236	0.035	Spectrum Read#4
H	0.035	0.322	0.036	0.227	0.036	0.220	0.035	0.235	0.035	0.238	0.036	0.315	Spectrum Read#4

Spectrum
Wavelength 5 (530 nm)
	1	2	3	4	5	6	7	8	9	10	11	12
A	0.250	0.035	0.246	0.034	0.380	0.034	0.268	0.035	0.262	0.037	0.265	0.034	Spectrum Read#5
B	0.034	0.267	0.035	0.265	0.036	0.281	0.035	0.267	0.035	0.273	0.035	0.257	Spectrum Read#5
C	0.256	0.034	0.271	0.035	0.250	0.036	0.269	0.035	0.279	0.035	0.270	0.035	Spectrum Read#5
D	0.035	0.275	0.035	0.285	0.036	0.302	0.035	0.272	0.039	0.272	0.035	0.260	Spectrum Read#5
E	0.278	0.035	0.267	0.034	0.278	0.035	0.263	0.035	0.271	0.035	0.278	0.035	Spectrum Read#5
F	0.034	0.272	0.035	0.266	0.035	0.266	0.035	0.373	0.037	0.379	0.035	0.264	Spectrum Read#5
G	0.267	0.035	0.260	0.035	0.267	0.038	0.255	0.035	0.263	0.035	0.268	0.035	Spectrum Read#5
H	0.035	0.380	0.035	0.257	0.035	0.247	0.035	0.268	0.035	0.269	0.035	0.374	Spectrum Read#5

Spectrum
Wavelength 6 (560 nm)
	1	2	3	4	5	6	7	8	9	10	11	12
A	0.260	0.035	0.257	0.034	0.331	0.035	0.271	0.035	0.267	0.037	0.268	0.035	Spectrum Read#6
B	0.034	0.271	0.035	0.272	0.036	0.282	0.035	0.274	0.035	0.275	0.036	0.265	Spectrum Read#6
C	0.265	0.035	0.276	0.035	0.259	0.036	0.277	0.035	0.282	0.035	0.274	0.035	Spectrum Read#6
D	0.035	0.278	0.036	0.290	0.036	0.303	0.035	0.275	0.039	0.276	0.035	0.267	Spectrum Read#6
E	0.279	0.035	0.274	0.035	0.282	0.035	0.271	0.035	0.280	0.035	0.281	0.035	Spectrum Read#6
F	0.035	0.274	0.035	0.272	0.035	0.273	0.035	0.324	0.037	0.329	0.035	0.271	Spectrum Read#6
G	0.271	0.035	0.267	0.035	0.274	0.038	0.266	0.035	0.270	0.035	0.275	0.035	Spectrum Read#6
H	0.035	0.333	0.035	0.266	0.036	0.259	0.035	0.273	0.035	0.276	0.035	0.325	Spectrum Read#6

Spectrum
Wavelength 7 (590 nm)
	1	2	3	4	5	6	7	8	9	10	11	12
A	0.261	0.035	0.260	0.034	0.168	0.035	0.253	0.035	0.251	0.037	0.248	0.035	Spectrum Read#7
B	0.035	0.254	0.035	0.263	0.036	0.253	0.035	0.263	0.035	0.253	0.036	0.260	Spectrum Read#7
C	0.265	0.035	0.259	0.035	0.258	0.036	0.272	0.035	0.259	0.035	0.258	0.035	Spectrum Read#7
D	0.035	0.255	0.036	0.273	0.036	0.280	0.035	0.255	0.039	0.258	0.035	0.261	Spectrum Read#7
E	0.250	0.035	0.263	0.035	0.262	0.035	0.267	0.035	0.277	0.035	0.260	0.035	Spectrum Read#7
F	0.035	0.250	0.035	0.260	0.035	0.263	0.035	0.163	0.037	0.165	0.035	0.264	Spectrum Read#7
G	0.252	0.035	0.262	0.035	0.265	0.038	0.270	0.035	0.266	0.035	0.267	0.035	Spectrum Read#7
H	0.036	0.177	0.035	0.263	0.035	0.266	0.035	0.259	0.035	0.273	0.035	0.164	Spectrum Read#7

Spectrum
Wavelength 8 (620 nm)
	1	2	3	4	5	6	7	8	9	10	11	12
A	0.238	0.034	0.239	0.034	0.069	0.034	0.221	0.035	0.221	0.036	0.216	0.034	Spectrum Read#8
B	0.034	0.222	0.034	0.235	0.035	0.216	0.034	0.234	0.034	0.219	0.035	0.234	Spectrum Read#8
C	0.241	0.034	0.228	0.034	0.235	0.035	0.245	0.035	0.224	0.034	0.227	0.034	Spectrum Read#8
D	0.034	0.221	0.035	0.241	0.036	0.246	0.034	0.222	0.038	0.226	0.035	0.235	Spectrum Read#8
E	0.214	0.035	0.234	0.034	0.230	0.034	0.241	0.034	0.252	0.034	0.227	0.034	Spectrum Read#8
F	0.034	0.216	0.034	0.230	0.034	0.234	0.035	0.065	0.037	0.065	0.034	0.236	Spectrum Read#8
G	0.220	0.035	0.236	0.035	0.237	0.037	0.248	0.034	0.240	0.035	0.239	0.034	Spectrum Read#8
H	0.035	0.082	0.034	0.238	0.035	0.246	0.034	0.229	0.034	0.247	0.035	0.066	Spectrum Read#8

Spectrum
Wavelength 9 (650 nm)
	1	2	3	4	5	6	7	8	9	10	11	12
A	0.343	0.034	0.345	0.033	0.051	0.033	0.310	0.034	0.310	0.036	0.302	0.034	Spectrum Read#9
B	0.033	0.313	0.033	0.334	0.035	0.298	0.034	0.330	0.034	0.305	0.034	0.334	Spectrum Read#9
C	0.346	0.033	0.320	0.034	0.336	0.034	0.347	0.034	0.310	0.034	0.319	0.034	Spectrum Read#9
D	0.034	0.307	0.035	0.337	0.035	0.332	0.034	0.309	0.037	0.317	0.034	0.335	Spectrum Read#9
E	0.295	0.034	0.332	0.034	0.319	0.034	0.344	0.034	0.356	0.034	0.315	0.034	Spectrum Read#9
F	0.033	0.299	0.034	0.325	0.034	0.331	0.034	0.047	0.036	0.047	0.034	0.335	Spectrum Read#9
G	0.308	0.034	0.336	0.034	0.336	0.037	0.357	0.034	0.341	0.034	0.339	0.034	Spectrum Read#9
H	0.035	0.066	0.034	0.340	0.034	0.356	0.034	0.321	0.034	0.351	0.034	0.049	Spectrum Read#9

Spectrum
Wavelength 10 (680 nm)
	1	2	3	4	5	6	7	8	9	10	11	12
A	0.116	0.034	0.118	0.033	0.044	0.033	0.112	0.034	0.111	0.036	0.110	0.033	Spectrum Read#10
B	0.033	0.111	0.033	0.116	0.034	0.109	0.033	0.117	0.033	0.111	0.034	0.116	Spectrum Read#10
C	0.118	0.033	0.114	0.033	0.116	0.034	0.127	0.034	0.113	0.033	0.114	0.034	Spectrum Read#10
D	0.033	0.110	0.035	0.124	0.035	0.136	0.034	0.112	0.037	0.113	0.034	0.117	Spectrum Read#10
E	0.108	0.034	0.116	0.033	0.117	0.033	0.120	0.033	0.127	0.033	0.116	0.033	Spectrum Read#10
F	0.033	0.108	0.034	0.114	0.033	0.117	0.034	0.041	0.036	0.041	0.034	0.117	Spectrum Read#10
G	0.110	0.034	0.117	0.034	0.117	0.036	0.122	0.033	0.119	0.034	0.118	0.034	Spectrum Read#10
H	0.034	0.053	0.034	0.118	0.034	0.120	0.033	0.114	0.034	0.122	0.034	0.043	Spectrum Read#10

